0 0.496875 0.5444444444444444 0.0453125 0.06666666666666667 
0 0.505859375 0.7201388888888889 0.04296875 0.0625 
0 0.581640625 0.7402777777777777 0.05390625 0.08611111111111111 
0 0.533203125 0.7833333333333333 0.04765625 0.08055555555555556 
0 0.791015625 0.26944444444444443 0.04140625 0.06666666666666667 
0 0.905859375 0.15625 0.04921875 0.07916666666666666 
0 0.860546875 0.3194444444444445 0.05859375 0.08055555555555556 
0 0.386328125 0.7611111111111111 0.04453125 0.07222222222222222 
0 0.416796875 0.7597222222222223 0.03359375 0.041666666666666664 
0 0.7136718750000001 0.3125 0.04921875 0.08055555555555556 
0 0.2828125 0.42083333333333334 0.0484375 0.07222222222222222 
0 0.96328125 0.7645833333333334 0.0546875 0.10694444444444444 
0 0.8171875000000001 0.6479166666666666 0.053125 0.07916666666666666 
0 0.603125 0.8805555555555556 0.0375 0.041666666666666664 
0 0.36328125 0.032638888888888884 0.0375 0.04583333333333333 
0 0.31992187499999997 0.02638888888888889 0.03203125 0.03333333333333333 
0 0.581640625 0.8527777777777777 0.04765625 0.07777777777777778