0 0.51171875 0.42083333333333334 0.03125 0.06111111111111111 
0 0.721484375 0.6618055555555555 0.04453125 0.0763888888888889 
0 0.683984375 0.5513888888888889 0.03828125 0.06111111111111111 
0 0.607421875 0.8798611111111111 0.04453125 0.0763888888888889 
0 0.512109375 0.8854166666666666 0.04453125 0.0763888888888889 
0 0.33749999999999997 0.2125 0.0359375 0.06666666666666667 
0 0.5531250000000001 0.19374999999999998 0.0296875 0.05416666666666667 
0 0.52109375 0.07083333333333333 0.034375 0.044444444444444446 
0 0.6703125 0.19583333333333336 0.04375 0.06944444444444445 
0 0.43671875 0.15902777777777777 0.0203125 0.034722222222222224 
0 0.302734375 0.10902777777777778 0.02578125 0.034722222222222224 
0 0.55625 0.9694444444444444 0.0375 0.058333333333333334 
0 0.33749999999999997 0.40347222222222223 0.021875 0.04027777777777778 
0 0.521484375 0.46111111111111114 0.02109375 0.058333333333333334 
0 0.8941406249999999 0.8805555555555555 0.04453125 0.06666666666666667 
0 0.908203125 0.85 0.05390625 0.05