0 0.38515625 0.8069444444444445 0.0234375 0.05277777777777778 
0 0.49921875 0.17152777777777778 0.028125 0.04861111111111111 
0 0.693359375 0.40555555555555556 0.04140625 0.058333333333333334 
0 0.5855468749999999 0.5958333333333333 0.03671875 0.058333333333333334 
0 0.498828125 0.6215277777777778 0.04296875 0.07361111111111111 
0 0.5378906250000001 0.6715277777777777 0.03359375 0.0625 
0 0.5140625 0.7013888888888888 0.04375 0.08055555555555556 
0 0.33632812500000003 0.15416666666666667 0.02109375 0.030555555555555555 
0 0.509375 0.21666666666666665 0.0203125 0.05277777777777778 
0 0.17578125 0.7979166666666667 0.0328125 0.05138888888888889 
0 0.833984375 0.5743055555555556 0.03828125 0.04861111111111111 
0 0.849609375 0.5541666666666667 0.03515625 0.044444444444444446