0 0.383984375 0.3138888888888889 0.03515625 0.05555555555555555 
0 0.20195312499999998 0.7090277777777777 0.05390625 0.08472222222222223 
0 0.469921875 0.7631944444444445 0.06484375 0.10416666666666667 
0 0.43203125 0.7708333333333333 0.0546875 0.09444444444444444 
0 0.42460937499999996 0.8680555555555556 0.05546875 0.10833333333333334 
0 0.24375 0.8388888888888888 0.0359375 0.09166666666666666 
0 0.16874999999999998 0.49583333333333335 0.0375 0.058333333333333334 
0 0.5128906249999999 0.8548611111111112 0.06796875 0.10972222222222222 
0 0.112890625 0.5256944444444445 0.03046875 0.043055555555555555 
0 0.341015625 0.25763888888888886 0.02734375 0.04583333333333333 
0 0.583203125 0.8097222222222222 0.06484375 0.058333333333333334