0 0.459375 0.8381944444444444 0.04375 0.08472222222222223 
0 0.483203125 0.9833333333333334 0.04453125 0.03333333333333333 
0 0.8046875 0.5111111111111111 0.0546875 0.08333333333333333 
0 0.932421875 0.38333333333333336 0.05234375 0.09166666666666666 
0 0.88515625 0.5868055555555556 0.065625 0.10138888888888889 
0 0.711328125 0.5423611111111111 0.05078125 0.09027777777777778 
0 0.19804687499999998 0.6972222222222223 0.06171875 0.10555555555555556 
0 0.8296874999999999 0.9444444444444445 0.0796875 0.1 
0 0.305859375 0.12916666666666665 0.04453125 0.06944444444444445 
0 0.25546875 0.12361111111111112 0.0453125 0.04722222222222222 
0 0.39375 0.1590277777777778 0.0296875 0.05694444444444444