0 0.39296875 0.23125 0.0296875 0.05694444444444444 
0 0.252734375 0.5569444444444445 0.04453125 0.07222222222222222 
0 0.513671875 0.7597222222222222 0.04453125 0.08888888888888889 
0 0.482421875 0.49930555555555556 0.04296875 0.07361111111111111 
0 0.450390625 0.5111111111111111 0.04296875 0.07222222222222222 
0 0.45078124999999997 0.5729166666666666 0.04375 0.06527777777777778 
0 0.685546875 0.8076388888888888 0.05859375 0.09027777777777778 
0 0.34765625 0.7756944444444445 0.0296875 0.0625 
0 0.29609375 0.6159722222222223 0.0328125 0.04861111111111111 
0 0.21796875 0.39375 0.03125 0.04583333333333333 
0 0.519140625 0.5444444444444444 0.04921875 0.07222222222222222 
0 0.880859375 0.6673611111111111 0.04921875 0.07083333333333333 
0 0.169140625 0.4215277777777778 0.03046875 0.043055555555555555 
0 0.353515625 0.18611111111111112 0.02734375 0.03888888888888889