0 0.5109375 0.6527777777777778 0.046875 0.07777777777777778 
0 0.5203125 0.8305555555555555 0.040625 0.06944444444444445 
0 0.6046874999999999 0.8624999999999999 0.059375 0.08611111111111111 
0 0.552734375 0.9027777777777778 0.04921875 0.08333333333333333 
0 0.8296875 0.34305555555555556 0.0453125 0.07222222222222222 
0 0.9605468749999999 0.21666666666666667 0.05234375 0.09166666666666666 
0 0.914453125 0.39722222222222225 0.06015625 0.08333333333333333 
0 0.398828125 0.8777777777777778 0.05078125 0.07222222222222222 
0 0.4296875 0.8833333333333333 0.0296875 0.05 
0 0.7410156250000001 0.3819444444444445 0.04921875 0.08055555555555556 
0 0.27890624999999997 0.5215277777777778 0.0515625 0.08472222222222223 
0 0.8624999999999999 0.7590277777777777 0.059375 0.08194444444444444 
0 0.365625 0.0625 0.04375 0.06666666666666667 
0 0.31992187499999997 0.061111111111111116 0.03359375 0.041666666666666664 
0 0.603125 0.9694444444444444 0.053125 0.058333333333333334 
0 0.450390625 0.07500000000000001 0.02734375 0.05