0 0.31171875 0.7701388888888889 0.0203125 0.034722222222222224 
0 0.51328125 0.3576388888888889 0.0296875 0.059722222222222225 
0 0.562109375 0.46805555555555556 0.03203125 0.05555555555555555 
0 0.25078125 0.36180555555555555 0.0234375 0.034722222222222224 
0 0.610546875 0.5534722222222221 0.04921875 0.09305555555555556 
0 0.23828125 0.47361111111111115 0.0421875 0.05277777777777778 
0 0.628515625 0.5166666666666667 0.02421875 0.07222222222222222 
0 0.28671875 0.4013888888888889 0.01875 0.03333333333333333 
0 0.14921875 0.6243055555555556 0.0234375 0.05138888888888889 
0 0.173828125 0.675 0.02265625 0.04722222222222222 
0 0.5320312500000001 0.7875 0.0265625 0.04722222222222222