0 0.4390625 0.3881944444444444 0.034375 0.043055555555555555 
0 0.44140625 0.5395833333333333 0.034375 0.05138888888888889 
0 0.5046875 0.5340277777777778 0.0390625 0.05138888888888889 
0 0.677734375 0.1840277777777778 0.03515625 0.05694444444444444 
0 0.755078125 0.11319444444444444 0.03515625 0.04861111111111111 
0 0.724609375 0.22916666666666666 0.04609375 0.05277777777777778 
0 0.33984375 0.5520833333333334 0.0359375 0.05416666666666667 
0 0.316015625 0.9 0.03515625 0.058333333333333334 
0 0.36875 0.5541666666666666 0.025 0.030555555555555555 
0 0.617578125 0.22708333333333333 0.03984375 0.0625 
0 0.262109375 0.27152777777777776 0.04140625 0.05138888888888889 
0 0.784765625 0.4847222222222222 0.03984375 0.05555555555555555 
0 0.466015625 0.5694444444444445 0.03359375 0.044444444444444446 
0 0.69375 0.4881944444444445 0.04375 0.05416666666666667 
0 0.498828125 0.6673611111111111 0.04296875 0.05416666666666667 
0 0.501171875 0.5888888888888889 0.03359375 0.044444444444444446