0 0.5050781249999999 0.7027777777777777 0.04453125 0.08333333333333333 
0 0.51875 0.8854166666666666 0.04375 0.07083333333333333 
0 0.60390625 0.9194444444444444 0.059375 0.08888888888888889 
0 0.55 0.9611111111111111 0.05 0.07777777777777778 
0 0.833984375 0.38541666666666663 0.04921875 0.0763888888888889 
0 0.9644531249999999 0.2583333333333333 0.05234375 0.09166666666666666 
0 0.918359375 0.4409722222222222 0.06171875 0.0875 
0 0.39296875000000003 0.9347222222222222 0.05625 0.07777777777777778 
0 0.42421875000000003 0.9347222222222222 0.0265625 0.05555555555555555 
0 0.741796875 0.4222222222222222 0.04921875 0.08055555555555556 
0 0.272265625 0.5625 0.05390625 0.09166666666666666 
0 0.8671875 0.8076388888888889 0.059375 0.09861111111111111 
0 0.362109375 0.08055555555555555 0.04453125 0.06944444444444445 
0 0.31210937499999997 0.07569444444444445 0.03359375 0.043055555555555555 
0 0.440234375 0.09861111111111112 0.02734375 0.05