0 0.4890625 0.27361111111111114 0.0375 0.04722222222222222 
0 0.49453125 0.41527777777777775 0.0296875 0.041666666666666664 
0 0.55546875 0.4048611111111111 0.0328125 0.043055555555555555 
0 0.76328125 0.0923611111111111 0.0453125 0.05694444444444444 
0 0.400390625 0.4340277777777778 0.03515625 0.04861111111111111 
0 0.389453125 0.7305555555555556 0.03046875 0.05277777777777778 
0 0.42617187500000003 0.42986111111111114 0.02265625 0.029166666666666667 
0 0.655078125 0.11736111111111111 0.03984375 0.0625 
0 0.317578125 0.18402777777777776 0.04140625 0.05138888888888889 
0 0.7109375 0.06875 0.034375 0.04861111111111111 
0 0.822265625 0.3236111111111111 0.02890625 0.05277777777777778 
0 0.521484375 0.44305555555555554 0.02734375 0.03611111111111111 
0 0.7367187500000001 0.3486111111111111 0.0296875 0.044444444444444446 
0 0.552734375 0.51875 0.04296875 0.05138888888888889 
0 0.555078125 0.4493055555555555 0.03203125 0.04027777777777778