0 0.507421875 0.5083333333333333 0.03359375 0.06666666666666667 
0 0.724609375 0.7618055555555555 0.05078125 0.08472222222222223 
0 0.688671875 0.6361111111111111 0.03828125 0.06111111111111111 
0 0.6128906249999999 0.9777777777777779 0.04453125 0.041666666666666664 
0 0.512109375 0.9805555555555556 0.04453125 0.03611111111111111 
0 0.32851562500000003 0.26666666666666666 0.03671875 0.06666666666666667 
0 0.55078125 0.2652777777777778 0.03125 0.05555555555555555 
0 0.51640625 0.12361111111111112 0.034375 0.044444444444444446 
0 0.49453125 0.13819444444444445 0.03125 0.04583333333333333 
0 0.6703125 0.2777777777777778 0.04375 0.06944444444444445 
0 0.428125 0.24791666666666667 0.0203125 0.034722222222222224 
0 0.287890625 0.14375 0.02578125 0.034722222222222224 
0 0.32265625 0.4930555555555555 0.021875 0.041666666666666664 
0 0.5460937499999999 0.13541666666666666 0.0359375 0.043055555555555555 
0 0.821484375 0.14375 0.04921875 0.059722222222222225 
0 0.25234375000000003 0.17430555555555555 0.01875 0.029166666666666667 
0 0.518359375 0.5513888888888889 0.02109375 0.058333333333333334