0 0.308984375 0.68125 0.01953125 0.034722222222222224 
0 0.5078125 0.28055555555555556 0.025 0.05277777777777778 
0 0.553515625 0.3861111111111111 0.03203125 0.05555555555555555 
0 0.24882812499999998 0.28888888888888886 0.02265625 0.03333333333333333 
0 0.6015625 0.4673611111111111 0.0484375 0.09027777777777778 
0 0.23750000000000002 0.3875 0.040625 0.05 
0 0.618359375 0.43472222222222223 0.01953125 0.07222222222222222 
0 0.28437500000000004 0.33055555555555555 0.01875 0.03333333333333333 
0 0.15234375 0.5270833333333333 0.0234375 0.05138888888888889 
0 0.173046875 0.5805555555555556 0.02265625 0.04722222222222222 
0 0.51796875 0.6888888888888889 0.0265625 0.04722222222222222