0 0.49140625 0.7534722222222222 0.0390625 0.08194444444444444 
0 0.49726562500000004 0.9576388888888889 0.04609375 0.07083333333333333 
0 0.5832031249999999 0.976388888888889 0.06015625 0.044444444444444446 
0 0.82109375 0.44722222222222224 0.0546875 0.08333333333333333 
0 0.951171875 0.31527777777777777 0.05234375 0.09166666666666666 
0 0.901953125 0.5097222222222222 0.06328125 0.09166666666666666 
0 0.7308593750000001 0.48055555555555557 0.04921875 0.08055555555555556 
0 0.235546875 0.6291666666666668 0.05703125 0.1 
0 0.8511718749999999 0.8812500000000001 0.06796875 0.09305555555555556 
0 0.333984375 0.10416666666666667 0.04453125 0.06944444444444445 
0 0.28281249999999997 0.10069444444444445 0.0375 0.05138888888888889 
0 0.416796875 0.12361111111111112 0.02734375 0.05