0 0.5125000000000001 0.3423611111111111 0.0296875 0.05138888888888889 
0 0.723046875 0.5743055555555555 0.04296875 0.06527777777777778 
0 0.6824218750000001 0.4736111111111111 0.03828125 0.06111111111111111 
0 0.6066406249999999 0.7923611111111111 0.04453125 0.0763888888888889 
0 0.512109375 0.8090277777777778 0.04453125 0.0763888888888889 
0 0.34140624999999997 0.1611111111111111 0.0359375 0.06666666666666667 
0 0.55390625 0.12569444444444444 0.0296875 0.05416666666666667 
0 0.6710937499999999 0.125 0.04375 0.06944444444444445 
0 0.43906249999999997 0.1048611111111111 0.0203125 0.034722222222222224 
0 0.305859375 0.05625 0.02578125 0.034722222222222224 
0 0.55546875 0.88125 0.0359375 0.06805555555555555 
0 0.53515625 0.9118055555555555 0.046875 0.08194444444444444 
0 0.343359375 0.3333333333333333 0.02109375 0.03611111111111111 
0 0.5230468749999999 0.38472222222222224 0.02109375 0.058333333333333334 
0 0.17734375000000002 0.9854166666666667 0.0328125 0.05416666666666667 
0 0.8828125 0.7875 0.0421875 0.06111111111111111 
0 0.896484375 0.7590277777777779 0.04765625 0.04583333333333333