0 0.37851562499999997 0.16249999999999998 0.03359375 0.05277777777777778 
0 0.212890625 0.5111111111111111 0.05390625 0.07222222222222222 
0 0.485546875 0.8347222222222223 0.04921875 0.09722222222222222 
0 0.4609375 0.5201388888888888 0.0515625 0.0875 
0 0.42578125 0.5305555555555556 0.0453125 0.07777777777777778 
0 0.4203125 0.60625 0.0546875 0.09305555555555556 
0 0.66796875 0.9284722222222223 0.0671875 0.10416666666666667 
0 0.289453125 0.8597222222222222 0.03203125 0.07222222222222222 
0 0.26015625 0.6124999999999999 0.0328125 0.06944444444444445 
0 0.180078125 0.3166666666666667 0.03515625 0.05277777777777778 
0 0.499609375 0.5840277777777777 0.06015625 0.09027777777777778 
0 0.901953125 0.8104166666666666 0.05546875 0.09305555555555556 
0 0.125390625 0.34791666666666665 0.03046875 0.043055555555555555 
0 0.341796875 0.1076388888888889 0.02734375 0.04583333333333333