0 0.291796875 0.42569444444444443 0.03046875 0.04027777777777778 
0 0.09921875000000001 0.5 0.053125 0.075 
0 0.46015625 0.61875 0.0390625 0.07916666666666666 
0 0.505859375 0.7743055555555556 0.03359375 0.059722222222222225 
0 0.147265625 0.5034722222222222 0.02890625 0.043055555555555555 
0 0.283203125 0.46319444444444446 0.03359375 0.04861111111111111 
0 0.5597656249999999 0.9118055555555556 0.05234375 0.10138888888888889 
0 0.12187500000000001 0.6354166666666666 0.0578125 0.07361111111111111 
0 0.582421875 0.8520833333333333 0.03046875 0.09305555555555556 
0 0.18828125 0.5618055555555556 0.0234375 0.04583333333333333 
0 0.016015625000000002 0.9048611111111111 0.02890625 0.05416666666666667