0 0.33828125 0.2361111111111111 0.028125 0.03611111111111111 
0 0.27890625 0.7673611111111112 0.01875 0.034722222222222224 
0 0.49335937500000004 0.3513888888888889 0.03046875 0.06111111111111111 
0 0.54140625 0.4798611111111111 0.0328125 0.05694444444444444 
0 0.2125 0.3159722222222222 0.0234375 0.034722222222222224 
0 0.33359374999999997 0.2652777777777778 0.028125 0.05 
0 0.593359375 0.5770833333333334 0.04921875 0.09305555555555556 
0 0.19999999999999998 0.4305555555555556 0.05 0.06111111111111111 
0 0.615234375 0.5340277777777778 0.03046875 0.08194444444444444 
0 0.251171875 0.375 0.01953125 0.03611111111111111 
0 0.10625 0.59375 0.0234375 0.05138888888888889 
0 0.13789062500000002 0.6513888888888889 0.02109375 0.03611111111111111 
0 0.502734375 0.7909722222222223 0.02890625 0.043055555555555555