0 0.36796875 0.16319444444444445 0.0296875 0.05694444444444444 
0 0.204296875 0.5041666666666667 0.05390625 0.07222222222222222 
0 0.47304687500000003 0.7944444444444444 0.04453125 0.08888888888888889 
0 0.448828125 0.49375 0.04453125 0.08194444444444444 
0 0.41562499999999997 0.5083333333333333 0.0453125 0.07777777777777778 
0 0.4140625 0.5784722222222223 0.0546875 0.09305555555555556 
0 0.65234375 0.8756944444444444 0.0671875 0.10416666666666667 
0 0.285546875 0.8125 0.03203125 0.07222222222222222 
0 0.2546875 0.5930555555555556 0.0328125 0.058333333333333334 
0 0.176171875 0.3194444444444445 0.03671875 0.05277777777777778 
0 0.4875 0.554861111111111 0.0546875 0.07916666666666666 
0 0.870703125 0.7548611111111111 0.05546875 0.07916666666666666 
0 0.11835937499999999 0.34652777777777777 0.03046875 0.043055555555555555 
0 0.334765625 0.11597222222222223 0.02734375 0.04583333333333333