0 0.5070312499999999 0.47847222222222224 0.0328125 0.06527777777777778 
0 0.723046875 0.7326388888888888 0.05078125 0.08472222222222223 
0 0.685546875 0.6041666666666666 0.03828125 0.06111111111111111 
0 0.607421875 0.9618055555555556 0.04453125 0.07361111111111111 
0 0.510546875 0.9625 0.04453125 0.06666666666666667 
0 0.33203125 0.25833333333333336 0.0359375 0.06666666666666667 
0 0.5515625000000001 0.24791666666666667 0.0296875 0.05416666666666667 
0 0.51640625 0.1125 0.034375 0.044444444444444446 
0 0.4953125 0.12291666666666667 0.03125 0.04583333333333333 
0 0.6703125 0.2625 0.04375 0.06944444444444445 
0 0.4296875 0.23124999999999998 0.0203125 0.034722222222222224 
0 0.291796875 0.13541666666666666 0.02578125 0.034722222222222224 
0 0.32734375 0.46944444444444444 0.021875 0.041666666666666664 
0 0.546875 0.11736111111111111 0.0359375 0.043055555555555555 
0 0.2546875 0.16041666666666668 0.01875 0.029166666666666667 
0 0.518359375 0.5236111111111111 0.02109375 0.058333333333333334 
0 0.9050781250000001 0.9777777777777779 0.04609375 0.041666666666666664 
0 0.917578125 0.9611111111111111 0.05390625 0.05