0 0.49843750000000003 0.5583333333333333 0.05 0.07777777777777778 
0 0.5078125 0.7319444444444444 0.0421875 0.06944444444444445 
0 0.58671875 0.7534722222222222 0.0546875 0.08194444444444444 
0 0.53671875 0.798611111111111 0.0515625 0.08888888888888889 
0 0.796484375 0.2763888888888889 0.04140625 0.06666666666666667 
0 0.9140625 0.16180555555555556 0.05 0.08194444444444444 
0 0.867578125 0.3263888888888889 0.05859375 0.08055555555555556 
0 0.387890625 0.7743055555555556 0.04453125 0.07361111111111111 
0 0.4171875 0.775 0.0328125 0.041666666666666664 
0 0.718359375 0.3194444444444445 0.04921875 0.08055555555555556 
0 0.2828125 0.43402777777777773 0.0484375 0.07361111111111111 
0 0.971875 0.7895833333333334 0.0546875 0.10694444444444444 
0 0.8234374999999999 0.6597222222222222 0.0515625 0.07777777777777778 
0 0.60546875 0.8979166666666667 0.04375 0.05138888888888889 
0 0.36445312500000004 0.034722222222222224 0.03828125 0.04722222222222222 
0 0.320703125 0.029166666666666667 0.03203125 0.03333333333333333 
0 0.5851562499999999 0.8694444444444445 0.0515625 0.07777777777777778