0 0.41953124999999997 0.48750000000000004 0.04375 0.05277777777777778 
0 0.419140625 0.6527777777777778 0.03984375 0.05555555555555555 
0 0.48671875000000003 0.6625 0.0484375 0.06388888888888888 
0 0.675390625 0.29097222222222224 0.03515625 0.05694444444444444 
0 0.762890625 0.22152777777777777 0.03515625 0.04861111111111111 
0 0.726171875 0.3388888888888889 0.04609375 0.06388888888888888 
0 0.3078125 0.6597222222222222 0.040625 0.06388888888888888 
0 0.33671875 0.6666666666666667 0.0265625 0.03333333333333333 
0 0.613671875 0.3284722222222222 0.03984375 0.0625 
0 0.228515625 0.3590277777777778 0.04765625 0.06527777777777778 
0 0.794140625 0.6458333333333334 0.04296875 0.06944444444444445 
0 0.44140625 0.6965277777777777 0.0390625 0.05416666666666667 
0 0.691015625 0.6138888888888889 0.04609375 0.06388888888888888 
0 0.47265625 0.8493055555555555 0.046875 0.06805555555555555 
0 0.48203125 0.7333333333333334 0.0421875 0.05555555555555555