0 0.454296875 0.35694444444444445 0.03515625 0.041666666666666664 
0 0.45937500000000003 0.5055555555555555 0.034375 0.044444444444444446 
0 0.520703125 0.49722222222222223 0.03828125 0.05 
0 0.685546875 0.15625 0.03515625 0.05694444444444444 
0 0.764453125 0.08541666666666667 0.03515625 0.04861111111111111 
0 0.732421875 0.19166666666666665 0.04609375 0.05277777777777778 
0 0.36093749999999997 0.5215277777777778 0.0359375 0.05416666666666667 
0 0.33945312499999997 0.8493055555555555 0.03359375 0.05694444444444444 
0 0.38671875 0.5222222222222221 0.025 0.030555555555555555 
0 0.628515625 0.20069444444444445 0.03984375 0.0625 
0 0.279296875 0.25069444444444444 0.04140625 0.05138888888888889 
0 0.792578125 0.4388888888888889 0.03984375 0.05277777777777778 
0 0.483203125 0.538888888888889 0.03359375 0.044444444444444446 
0 0.7062499999999999 0.44722222222222224 0.040625 0.05555555555555555 
0 0.517578125 0.6229166666666667 0.04296875 0.05416666666666667 
0 0.51796875 0.55 0.03125 0.041666666666666664