0 0.30624999999999997 0.7729166666666667 0.0203125 0.034722222222222224 
0 0.512109375 0.3541666666666667 0.03046875 0.06111111111111111 
0 0.560546875 0.4763888888888889 0.03203125 0.05555555555555555 
0 0.24296875 0.35347222222222224 0.0234375 0.034722222222222224 
0 0.35625 0.29583333333333334 0.0328125 0.058333333333333334 
0 0.6121093750000001 0.5645833333333334 0.04921875 0.09305555555555556 
0 0.230859375 0.4652777777777778 0.04453125 0.05555555555555555 
0 0.63125 0.5305555555555556 0.028125 0.07777777777777778 
0 0.28046875000000004 0.4083333333333333 0.01875 0.03333333333333333 
0 0.13984375 0.6173611111111111 0.0234375 0.05138888888888889 
0 0.164453125 0.6722222222222223 0.02265625 0.04722222222222222 
0 0.52734375 0.7902777777777779 0.025 0.041666666666666664