0 0.41445312500000003 0.9763888888888889 0.05234375 0.04722222222222222 
0 0.77890625 0.6472222222222221 0.0546875 0.08333333333333333 
0 0.905078125 0.5180555555555555 0.05234375 0.09166666666666666 
0 0.8625 0.7354166666666667 0.06875 0.11527777777777778 
0 0.6847656249999999 0.6652777777777779 0.05234375 0.10833333333333334 
0 0.13203125 0.8326388888888889 0.0703125 0.11527777777777778 
0 0.26328124999999997 0.20347222222222222 0.04375 0.0625 
0 0.40390624999999997 0.03125 0.0453125 0.0625 
0 0.20976562499999998 0.19999999999999998 0.03828125 0.05 
0 0.351953125 0.23402777777777778 0.03203125 0.06527777777777778 
0 0.36328125 0.06180555555555556 0.0203125 0.029166666666666667