0 0.295703125 0.7645833333333334 0.01953125 0.034722222222222224 
0 0.506640625 0.3458333333333333 0.03046875 0.06111111111111111 
0 0.5519531249999999 0.46944444444444444 0.03203125 0.05555555555555555 
0 0.23046875 0.32708333333333334 0.0234375 0.034722222222222224 
0 0.34609375 0.2708333333333333 0.028125 0.05 
0 0.602734375 0.5673611111111112 0.04921875 0.09305555555555556 
0 0.21953124999999998 0.4388888888888889 0.0421875 0.058333333333333334 
0 0.626171875 0.5215277777777778 0.03046875 0.08194444444444444 
0 0.26796875000000003 0.3819444444444444 0.01875 0.03333333333333333 
0 0.12734375 0.5965277777777778 0.0234375 0.05138888888888889 
0 0.150390625 0.6527777777777778 0.02265625 0.04722222222222222 
0 0.5179687500000001 0.7833333333333333 0.0296875 0.05