0 0.30156249999999996 0.33749999999999997 0.028125 0.03611111111111111 
0 0.21171874999999998 0.9229166666666667 0.01875 0.034722222222222224 
0 0.46484375 0.5048611111111111 0.0375 0.07916666666666666 
0 0.5105468750000001 0.6520833333333333 0.03359375 0.059722222222222225 
0 0.16367187500000002 0.40902777777777777 0.02890625 0.043055555555555555 
0 0.29609375 0.3638888888888889 0.0328125 0.06388888888888888 
0 0.5582031249999999 0.7645833333333334 0.05234375 0.10138888888888889 
0 0.142578125 0.5354166666666667 0.04921875 0.06527777777777778 
0 0.5847656250000001 0.7201388888888889 0.03046875 0.08194444444444444 
0 0.20390625 0.4722222222222222 0.0203125 0.03888888888888889 
0 0.027734375 0.701388888888889 0.02734375 0.05555555555555555 
0 0.050390625 0.7777777777777778 0.02421875 0.044444444444444446 
0 0.45546875 0.9770833333333333 0.0375 0.04861111111111111