0 0.48085937500000003 0.29444444444444445 0.03671875 0.03888888888888889 
0 0.4859375 0.4409722222222222 0.03125 0.043055555555555555 
0 0.54765625 0.43124999999999997 0.0359375 0.043055555555555555 
0 0.706640625 0.09791666666666667 0.03515625 0.05694444444444444 
0 0.754296875 0.12222222222222223 0.04609375 0.05277777777777778 
0 0.390234375 0.4590277777777778 0.03515625 0.05138888888888889 
0 0.378125 0.7631944444444445 0.0296875 0.05416666666666667 
0 0.41640625 0.45208333333333334 0.0234375 0.029166666666666667 
0 0.647265625 0.13958333333333334 0.03984375 0.0625 
0 0.30820312499999997 0.20069444444444443 0.04140625 0.05138888888888889 
0 0.812109375 0.3541666666666667 0.03984375 0.05 
0 0.511328125 0.4666666666666667 0.02734375 0.03611111111111111 
0 0.73125 0.37777777777777777 0.0328125 0.04722222222222222 
0 0.544140625 0.5486111111111112 0.04296875 0.05277777777777778 
0 0.547265625 0.4756944444444444 0.03203125 0.04027777777777778