0 0.5078125 0.4708333333333333 0.0328125 0.06388888888888888 
0 0.722265625 0.71875 0.05078125 0.08472222222222223 
0 0.684765625 0.6 0.03828125 0.06111111111111111 
0 0.6066406249999999 0.9513888888888888 0.04453125 0.075 
0 0.510546875 0.9576388888888888 0.04453125 0.0763888888888889 
0 0.33281249999999996 0.25555555555555554 0.0359375 0.06666666666666667 
0 0.55078125 0.24236111111111114 0.0296875 0.05416666666666667 
0 0.5171875 0.10694444444444445 0.034375 0.044444444444444446 
0 0.6703125 0.25416666666666665 0.04375 0.06944444444444445 
0 0.43046874999999996 0.22430555555555554 0.0203125 0.034722222222222224 
0 0.293359375 0.13402777777777777 0.02578125 0.034722222222222224 
0 0.32890625 0.4611111111111111 0.021875 0.041666666666666664 
0 0.5453125 0.10902777777777778 0.034375 0.04861111111111111 
0 0.25625000000000003 0.15763888888888888 0.01875 0.029166666666666667 
0 0.518359375 0.5166666666666666 0.02109375 0.058333333333333334 
0 0.901953125 0.9673611111111111 0.04609375 0.0625 
0 0.916015625 0.9486111111111112 0.05390625 0.05