0 0.5078125 0.5902777777777778 0.046875 0.075 
0 0.518359375 0.7694444444444445 0.04296875 0.06111111111111111 
0 0.597265625 0.7930555555555555 0.05390625 0.08611111111111111 
0 0.5453125 0.8347222222222221 0.0484375 0.08611111111111111 
0 0.813671875 0.29583333333333334 0.04140625 0.06666666666666667 
0 0.9367187499999999 0.17361111111111113 0.0515625 0.08888888888888889 
0 0.887890625 0.35000000000000003 0.05859375 0.08055555555555556 
0 0.39296875 0.8125 0.0453125 0.07777777777777778 
0 0.42695312500000004 0.81875 0.03828125 0.05138888888888889 
0 0.731640625 0.3388888888888889 0.04921875 0.08055555555555556 
0 0.284375 0.46875 0.0484375 0.0763888888888889 
0 0.841796875 0.6944444444444444 0.06171875 0.07777777777777778 
0 0.616796875 0.9583333333333334 0.05390625 0.058333333333333334 
0 0.3671875 0.04375 0.040625 0.05416666666666667 
0 0.324609375 0.03888888888888889 0.03203125 0.03333333333333333 
0 0.596875 0.9180555555555555 0.0546875 0.075