0 0.3828125 0.7881944444444444 0.0234375 0.04861111111111111 
0 0.4953125 0.14027777777777778 0.028125 0.04722222222222222 
0 0.6867187499999999 0.36736111111111114 0.040625 0.059722222222222225 
0 0.579296875 0.5729166666666666 0.03828125 0.05694444444444444 
0 0.49531250000000004 0.6006944444444444 0.0421875 0.07361111111111111 
0 0.5328124999999999 0.6465277777777778 0.0328125 0.05694444444444444 
0 0.509765625 0.6784722222222221 0.04296875 0.0763888888888889 
0 0.331640625 0.11666666666666667 0.02109375 0.030555555555555555 
0 0.50390625 0.18541666666666665 0.0203125 0.05138888888888889 
0 0.82265625 0.5375 0.0359375 0.04722222222222222 
0 0.837890625 0.5166666666666667 0.03515625 0.044444444444444446