0 0.31171875 0.7090277777777778 0.0203125 0.034722222222222224 
0 0.51015625 0.3055555555555556 0.025 0.05277777777777778 
0 0.5558593749999999 0.40555555555555556 0.03203125 0.05555555555555555 
0 0.2515625 0.3125 0.025 0.03611111111111111 
0 0.6042968750000001 0.4965277777777778 0.04921875 0.09305555555555556 
0 0.239453125 0.41111111111111115 0.04140625 0.05277777777777778 
0 0.622265625 0.4611111111111111 0.01953125 0.07222222222222222 
0 0.28515625 0.35138888888888886 0.01875 0.03333333333333333 
0 0.153125 0.5493055555555556 0.0234375 0.05138888888888889 
0 0.173828125 0.6069444444444445 0.02265625 0.04722222222222222 
0 0.52265625 0.7152777777777778 0.0265625 0.04722222222222222