0 0.36796875 0.16736111111111113 0.0296875 0.05694444444444444 
0 0.2109375 0.5097222222222222 0.0515625 0.07222222222222222 
0 0.477734375 0.7875 0.04453125 0.08888888888888889 
0 0.452734375 0.49375 0.04453125 0.08194444444444444 
0 0.4203125 0.5083333333333333 0.0453125 0.07777777777777778 
0 0.41914062500000004 0.5756944444444444 0.05390625 0.09027777777777778 
0 0.655859375 0.8652777777777778 0.06640625 0.10277777777777777 
0 0.29375 0.80625 0.03125 0.07083333333333333 
0 0.253125 0.5875 0.0328125 0.05555555555555555 
0 0.177734375 0.32708333333333334 0.03828125 0.05138888888888889 
0 0.49140625 0.5520833333333333 0.0546875 0.07916666666666666 
0 0.871484375 0.7381944444444444 0.05546875 0.07916666666666666 
0 0.120703125 0.3506944444444444 0.03046875 0.043055555555555555 
0 0.332421875 0.11875000000000001 0.02734375 0.04583333333333333