0 0.38359375 0.7979166666666667 0.0234375 0.05138888888888889 
0 0.49765624999999997 0.15625 0.028125 0.04861111111111111 
0 0.68984375 0.3861111111111111 0.040625 0.058333333333333334 
0 0.5828125000000001 0.5847222222222223 0.0375 0.058333333333333334 
0 0.497265625 0.6118055555555555 0.04296875 0.07361111111111111 
0 0.53515625 0.6590277777777778 0.0328125 0.059722222222222225 
0 0.512109375 0.6909722222222222 0.04296875 0.07916666666666666 
0 0.333984375 0.13472222222222222 0.02109375 0.030555555555555555 
0 0.5078125 0.19583333333333333 0.0203125 0.05277777777777778 
0 0.8277343749999999 0.55625 0.03671875 0.04861111111111111 
0 0.843359375 0.5347222222222222 0.03515625 0.044444444444444446