0 0.375 0.18958333333333335 0.0296875 0.05694444444444444 
0 0.2296875 0.5277777777777778 0.046875 0.07222222222222222 
0 0.493359375 0.7708333333333333 0.04453125 0.08888888888888889 
0 0.466015625 0.49236111111111114 0.04453125 0.08194444444444444 
0 0.4328125 0.5083333333333333 0.0453125 0.07777777777777778 
0 0.434375 0.5701388888888889 0.053125 0.08194444444444444 
0 0.665625 0.8326388888888889 0.0625 0.09861111111111111 
0 0.31640625 0.7847222222222222 0.0296875 0.06388888888888888 
0 0.27421875 0.5986111111111111 0.0328125 0.05555555555555555 
0 0.19257812500000002 0.3541666666666667 0.03671875 0.05 
0 0.50234375 0.5409722222222222 0.0546875 0.07916666666666666 
0 0.873828125 0.6868055555555556 0.05546875 0.07916666666666666 
0 0.141015625 0.3729166666666666 0.03046875 0.043055555555555555 
0 0.337890625 0.14375 0.02734375 0.043055555555555555