0 0.39296875 0.07847222222222222 0.0296875 0.05694444444444444 
0 0.451171875 0.8027777777777777 0.03984375 0.08055555555555556 
0 0.657421875 0.9506944444444444 0.04296875 0.08194444444444444 
0 0.268359375 0.36458333333333337 0.04453125 0.0763888888888889 
0 0.5203125 0.49027777777777776 0.040625 0.06944444444444445 
0 0.48671875000000003 0.26944444444444443 0.0421875 0.058333333333333334 
0 0.4578125 0.2854166666666667 0.03125 0.05138888888888889 
0 0.458984375 0.3381944444444444 0.02734375 0.043055555555555555 
0 0.669140625 0.5319444444444444 0.05859375 0.07777777777777778 
0 0.36562500000000003 0.4784722222222222 0.025 0.04583333333333333 
0 0.23125 0.2076388888888889 0.03125 0.04583333333333333 
0 0.221875 0.7847222222222222 0.0375 0.06388888888888888 
0 0.5226562499999999 0.3138888888888889 0.040625 0.06388888888888888 
0 0.8472656249999999 0.4111111111111111 0.04453125 0.058333333333333334 
0 0.183203125 0.23541666666666666 0.03046875 0.043055555555555555 
0 0.462890625 0.8590277777777777 0.02734375 0.0625