0 0.389453125 0.2361111111111111 0.03515625 0.05555555555555555 
0 0.216796875 0.6097222222222222 0.05390625 0.07222222222222222 
0 0.5046875 0.9736111111111111 0.0515625 0.05 
0 0.473828125 0.6423611111111112 0.06484375 0.10416666666666667 
0 0.4375 0.6555555555555554 0.0546875 0.09444444444444444 
0 0.42929687499999997 0.7430555555555556 0.05546875 0.10833333333333334 
0 0.25703125 0.7263888888888889 0.0359375 0.09166666666666666 
0 0.1828125 0.4097222222222222 0.0375 0.058333333333333334 
0 0.515234375 0.7298611111111112 0.06796875 0.10972222222222222 
0 0.126171875 0.43819444444444444 0.03046875 0.043055555555555555 
0 0.346484375 0.17569444444444446 0.02734375 0.04583333333333333 
0 0.58046875 0.6951388888888889 0.0640625 0.05416666666666667