0 0.91796875 0.43472222222222223 0.0546875 0.08055555555555556 
0 0.285546875 0.44930555555555557 0.01640625 0.03194444444444444 
0 0.48359375 0.06944444444444445 0.0234375 0.05555555555555555 
0 0.52421875 0.1736111111111111 0.028125 0.05555555555555555 
0 0.5671875 0.25763888888888886 0.046875 0.0875 
0 0.2203125 0.16944444444444443 0.04375 0.05 
0 0.586328125 0.2236111111111111 0.01953125 0.07222222222222222 
0 0.26796875 0.12708333333333333 0.0203125 0.034722222222222224 
0 0.13359375 0.2972222222222222 0.0234375 0.05 
0 0.155859375 0.34930555555555554 0.01953125 0.0375 
0 0.483203125 0.4625 0.02734375 0.04722222222222222