0 0.45703125 0.5041666666666667 0.0421875 0.06388888888888888 
0 0.46015625 0.6694444444444444 0.040625 0.058333333333333334 
0 0.53203125 0.6833333333333333 0.046875 0.07222222222222222 
0 0.484765625 0.7263888888888889 0.03984375 0.07222222222222222 
0 0.722265625 0.27569444444444446 0.03828125 0.0625 
0 0.81640625 0.1902777777777778 0.040625 0.058333333333333334 
0 0.779296875 0.3222222222222222 0.05234375 0.07222222222222222 
0 0.34218750000000003 0.6888888888888889 0.0421875 0.06388888888888888 
0 0.3671875 0.6895833333333333 0.0296875 0.0375 
0 0.652734375 0.3138888888888889 0.04453125 0.07222222222222222 
0 0.258984375 0.37569444444444444 0.04765625 0.06527777777777778 
0 0.859375 0.6777777777777777 0.046875 0.08055555555555556 
0 0.7433593749999999 0.6194444444444445 0.05234375 0.07222222222222222 
0 0.51953125 0.9034722222222222 0.0390625 0.06805555555555555 
0 0.52734375 0.767361111111111 0.053125 0.06805555555555555