0 0.38437499999999997 0.21041666666666667 0.0296875 0.05694444444444444 
0 0.241015625 0.5416666666666666 0.04453125 0.07222222222222222 
0 0.503515625 0.7625 0.04453125 0.08888888888888889 
0 0.47421874999999997 0.49375 0.04375 0.07916666666666666 
0 0.44179687500000003 0.5083333333333333 0.04453125 0.075 
0 0.442578125 0.5694444444444444 0.04921875 0.075 
0 0.675 0.8166666666666667 0.0609375 0.09444444444444444 
0 0.33203125 0.7784722222222222 0.0296875 0.0625 
0 0.28750000000000003 0.6055555555555555 0.0328125 0.05555555555555555 
0 0.20625000000000002 0.3736111111111111 0.0328125 0.04722222222222222 
0 0.51015625 0.5402777777777777 0.053125 0.07777777777777778 
0 0.8773437500000001 0.6784722222222221 0.053125 0.0763888888888889 
0 0.15507812499999998 0.4020833333333333 0.03046875 0.043055555555555555 
0 0.346484375 0.16597222222222224 0.02734375 0.04027777777777778