0 0.403515625 0.04791666666666666 0.03359375 0.05138888888888889 
0 0.454296875 0.7604166666666666 0.03984375 0.07916666666666666 
0 0.655859375 0.9145833333333333 0.04296875 0.08194444444444444 
0 0.269921875 0.33263888888888893 0.04453125 0.0763888888888889 
0 0.5226562499999999 0.46388888888888885 0.040625 0.06944444444444445 
0 0.48984375 0.25 0.0421875 0.058333333333333334 
0 0.46015625 0.26180555555555557 0.03125 0.05138888888888889 
0 0.46249999999999997 0.3055555555555555 0.028125 0.044444444444444446 
0 0.670703125 0.5013888888888889 0.05859375 0.07777777777777778 
0 0.36992187499999996 0.44999999999999996 0.02421875 0.044444444444444446 
0 0.234375 0.1798611111111111 0.03125 0.04583333333333333 
0 0.22734374999999998 0.7430555555555556 0.0375 0.06388888888888888 
0 0.52421875 0.2847222222222222 0.040625 0.06388888888888888 
0 0.849609375 0.38333333333333336 0.04453125 0.058333333333333334 
0 0.18632812499999998 0.2048611111111111 0.03046875 0.043055555555555555 
0 0.464453125 0.8145833333333333 0.02734375 0.0625