0 0.32890624999999996 0.2361111111111111 0.028125 0.03611111111111111 
0 0.265625 0.7770833333333333 0.01875 0.034722222222222224 
0 0.4859375 0.3645833333333333 0.03125 0.0625 
0 0.5339843750000001 0.4916666666666667 0.03359375 0.058333333333333334 
0 0.2 0.3173611111111111 0.0234375 0.034722222222222224 
0 0.32499999999999996 0.26666666666666666 0.028125 0.05 
0 0.585546875 0.5909722222222222 0.04921875 0.09305555555555556 
0 0.187890625 0.43333333333333335 0.04453125 0.06111111111111111 
0 0.607421875 0.5493055555555555 0.03046875 0.08194444444444444 
0 0.23828125 0.37777777777777777 0.0203125 0.03888888888888889 
0 0.08828125 0.59375 0.0234375 0.05138888888888889 
0 0.11171875 0.6555555555555556 0.021875 0.03888888888888889 
0 0.491015625 0.8111111111111111 0.02578125 0.041666666666666664