0 0.5046875 0.5326388888888889 0.034375 0.06805555555555555 
0 0.726953125 0.7909722222222222 0.05078125 0.08472222222222223 
0 0.684765625 0.6694444444444444 0.03828125 0.06944444444444445 
0 0.323046875 0.27361111111111114 0.03828125 0.06666666666666667 
0 0.54921875 0.2861111111111111 0.0328125 0.058333333333333334 
0 0.51484375 0.1375 0.0359375 0.04722222222222222 
0 0.49375 0.15486111111111112 0.03125 0.04583333333333333 
0 0.6703125 0.29305555555555557 0.04375 0.06944444444444445 
0 0.42109375 0.25625000000000003 0.0203125 0.034722222222222224 
0 0.28476562499999997 0.1534722222222222 0.02578125 0.034722222222222224 
0 0.3171875 0.5180555555555556 0.021875 0.041666666666666664 
0 0.5453125 0.15347222222222223 0.0359375 0.043055555555555555 
0 0.8214843749999999 0.18055555555555555 0.04453125 0.058333333333333334 
0 0.24921875 0.18819444444444444 0.01875 0.029166666666666667 
0 0.514453125 0.5819444444444445 0.02109375 0.058333333333333334