0 0.508203125 0.45625 0.03203125 0.0625 
0 0.7218749999999999 0.7013888888888888 0.0484375 0.08055555555555556 
0 0.683203125 0.5930555555555556 0.03828125 0.06111111111111111 
0 0.605859375 0.93125 0.04453125 0.0763888888888889 
0 0.511328125 0.9423611111111111 0.04453125 0.0763888888888889 
0 0.334375 0.2472222222222222 0.0359375 0.06666666666666667 
0 0.55078125 0.23125 0.0296875 0.05416666666666667 
0 0.51796875 0.09583333333333334 0.034375 0.044444444444444446 
0 0.6703125 0.23888888888888887 0.04375 0.06944444444444445 
0 0.43203125 0.20902777777777778 0.0203125 0.034722222222222224 
0 0.297265625 0.12986111111111112 0.02578125 0.034722222222222224 
0 0.33203125 0.44305555555555554 0.021875 0.041666666666666664 
0 0.519921875 0.5027777777777778 0.02109375 0.058333333333333334 
0 0.899609375 0.9534722222222222 0.04609375 0.07083333333333333 
0 0.9128906250000001 0.925 0.05390625 0.05