0 0.36874999999999997 0.1590277777777778 0.0296875 0.05694444444444444 
0 0.207421875 0.5069444444444444 0.05390625 0.07222222222222222 
0 0.476171875 0.8013888888888888 0.04453125 0.08888888888888889 
0 0.45234375 0.5027777777777778 0.046875 0.08333333333333333 
0 0.41953124999999997 0.5166666666666667 0.0453125 0.07777777777777778 
0 0.41640625 0.5881944444444445 0.0546875 0.09305555555555556 
0 0.6578125 0.89375 0.0671875 0.10416666666666667 
0 0.287109375 0.8277777777777777 0.03203125 0.07222222222222222 
0 0.25625 0.5993055555555555 0.0328125 0.0625 
0 0.174609375 0.3125 0.03515625 0.05277777777777778 
0 0.48828125 0.5604166666666667 0.0546875 0.07916666666666666 
0 0.880859375 0.7743055555555555 0.05546875 0.08472222222222223 
0 0.119140625 0.3451388888888889 0.03046875 0.043055555555555555 
0 0.337109375 0.11319444444444444 0.02734375 0.04583333333333333