0 0.3234375 0.2361111111111111 0.028125 0.03611111111111111 
0 0.25859375 0.7868055555555556 0.01875 0.034722222222222224 
0 0.48203125 0.375 0.03125 0.06388888888888888 
0 0.5277343750000001 0.5034722222222222 0.03359375 0.059722222222222225 
0 0.19296875 0.32013888888888886 0.0234375 0.034722222222222224 
0 0.3203125 0.26666666666666666 0.028125 0.05 
0 0.5808593750000001 0.6048611111111111 0.04921875 0.09305555555555556 
0 0.181640625 0.4395833333333333 0.04765625 0.0625 
0 0.603515625 0.5618055555555556 0.03046875 0.08194444444444444 
0 0.23125 0.37777777777777777 0.0203125 0.03888888888888889 
0 0.079296875 0.6 0.02421875 0.05277777777777778 
0 0.10390625 0.6611111111111111 0.0234375 0.041666666666666664 
0 0.48515625 0.8236111111111112 0.0265625 0.04722222222222222