0 0.30390625 0.3222222222222222 0.028125 0.03611111111111111 
0 0.2171875 0.9006944444444445 0.01875 0.034722222222222224 
0 0.466015625 0.48611111111111116 0.03671875 0.07777777777777778 
0 0.511328125 0.6298611111111111 0.03359375 0.059722222222222225 
0 0.16523437500000002 0.3923611111111111 0.02890625 0.043055555555555555 
0 0.298046875 0.34791666666666665 0.03203125 0.059722222222222225 
0 0.560546875 0.7416666666666667 0.05234375 0.1 
0 0.145703125 0.5194444444444445 0.04765625 0.06666666666666667 
0 0.585546875 0.6951388888888889 0.03046875 0.08194444444444444 
0 0.20703125 0.45555555555555555 0.0203125 0.03888888888888889 
0 0.032421875 0.6833333333333333 0.02734375 0.05555555555555555 
0 0.055078125 0.7583333333333334 0.02421875 0.044444444444444446 
0 0.457421875 0.9541666666666667 0.02734375 0.05