0 0.39609374999999997 0.10486111111111111 0.0296875 0.05694444444444444 
0 0.44921875 0.8451388888888889 0.040625 0.08194444444444444 
0 0.657421875 0.9736111111111111 0.04296875 0.05 
0 0.264453125 0.3993055555555556 0.04453125 0.0763888888888889 
0 0.520703125 0.5319444444444444 0.04140625 0.075 
0 0.48671875000000003 0.3111111111111111 0.0421875 0.058333333333333334 
0 0.45390625 0.3229166666666667 0.03125 0.05138888888888889 
0 0.455859375 0.37013888888888885 0.02578125 0.04027777777777778 
0 0.671484375 0.5722222222222222 0.05859375 0.07777777777777778 
0 0.362109375 0.5222222222222223 0.02578125 0.04722222222222222 
0 0.23046875 0.2423611111111111 0.03125 0.04583333333333333 
0 0.21718749999999998 0.825 0.0375 0.06388888888888888 
0 0.5203125 0.35138888888888886 0.040625 0.06388888888888888 
0 0.8527343749999999 0.44722222222222224 0.04453125 0.058333333333333334 
0 0.180859375 0.2659722222222222 0.03046875 0.043055555555555555 
0 0.461328125 0.9048611111111111 0.02734375 0.0625