0 0.8765625 0.3944444444444445 0.059375 0.07777777777777778 
0 0.28085937499999997 0.4298611111111111 0.01640625 0.03194444444444444 
0 0.475 0.07222222222222223 0.0234375 0.044444444444444446 
0 0.509375 0.16527777777777777 0.0328125 0.06388888888888888 
0 0.5515625 0.24375000000000002 0.046875 0.0875 
0 0.2171875 0.1652777777777778 0.04375 0.05555555555555555 
0 0.5707031250000001 0.21875 0.01796875 0.0625 
0 0.266796875 0.13680555555555557 0.01953125 0.043055555555555555 
0 0.132421875 0.28194444444444444 0.01953125 0.044444444444444446 
0 0.155078125 0.33125 0.01953125 0.0375 
0 0.47109375 0.4423611111111111 0.0234375 0.04027777777777778