0 0.385546875 0.1736111111111111 0.03515625 0.05 
0 0.21757812499999998 0.5291666666666667 0.05390625 0.07222222222222222 
0 0.49453125 0.8756944444444444 0.0515625 0.10138888888888889 
0 0.46796875 0.5499999999999999 0.0546875 0.09166666666666666 
0 0.43203125000000003 0.5569444444444445 0.0484375 0.08055555555555556 
0 0.425 0.6381944444444445 0.0546875 0.09305555555555556 
0 0.6765625000000001 0.954861111111111 0.0765625 0.0875 
0 0.291015625 0.9055555555555556 0.03203125 0.07222222222222222 
0 0.2609375 0.6347222222222222 0.0328125 0.07222222222222222 
0 0.184375 0.3340277777777778 0.0359375 0.05416666666666667 
0 0.507421875 0.6180555555555556 0.06328125 0.09444444444444444 
0 0.9265625 0.857638888888889 0.059375 0.10138888888888889 
0 0.131640625 0.36319444444444443 0.03046875 0.043055555555555555 
0 0.345703125 0.11597222222222223 0.02734375 0.04583333333333333 
0 0.56875 0.5881944444444445 0.046875 0.0375