0 0.498046875 0.7381944444444444 0.04609375 0.0875 
0 0.509375 0.9194444444444444 0.04375 0.06666666666666667 
0 0.596875 0.9569444444444444 0.0609375 0.08888888888888889 
0 0.541015625 0.9701388888888889 0.05546875 0.05694444444444444 
0 0.834765625 0.4159722222222222 0.05234375 0.07916666666666666 
0 0.9621093749999999 0.2861111111111111 0.05234375 0.09166666666666666 
0 0.915625 0.4722222222222222 0.0625 0.08888888888888889 
0 0.38125000000000003 0.9604166666666667 0.0578125 0.0763888888888889 
0 0.41835937500000003 0.9680555555555556 0.02109375 0.058333333333333334 
0 0.740234375 0.4513888888888889 0.04921875 0.08055555555555556 
0 0.25351562499999997 0.595138888888889 0.05546875 0.09583333333333334 
0 0.8609375 0.8409722222222222 0.0609375 0.0875 
0 0.349609375 0.09166666666666667 0.04453125 0.06944444444444445 
0 0.29921875000000003 0.08611111111111111 0.0421875 0.06111111111111111 
0 0.428515625 0.1111111111111111 0.02734375 0.05