0 0.865625 0.4097222222222222 0.05625 0.075 
0 0.287109375 0.4534722222222222 0.01640625 0.03194444444444444 
0 0.47734375 0.10555555555555556 0.0234375 0.044444444444444446 
0 0.51171875 0.19583333333333333 0.0328125 0.06388888888888888 
0 0.5519531249999999 0.2673611111111111 0.04453125 0.08194444444444444 
0 0.23203125 0.20069444444444445 0.0390625 0.04583333333333333 
0 0.565625 0.24027777777777776 0.01875 0.05277777777777778 
0 0.275 0.16527777777777777 0.01875 0.03611111111111111 
0 0.1484375 0.3159722222222222 0.01875 0.043055555555555555 
0 0.168359375 0.3548611111111111 0.01953125 0.0375 
0 0.47421875 0.4645833333333333 0.0234375 0.04027777777777778