0 0.31171875 0.7854166666666668 0.0203125 0.034722222222222224 
0 0.514453125 0.37083333333333335 0.03046875 0.06111111111111111 
0 0.562890625 0.4722222222222222 0.03203125 0.05555555555555555 
0 0.24921875 0.3659722222222222 0.0234375 0.034722222222222224 
0 0.359375 0.30694444444444446 0.0359375 0.06388888888888888 
0 0.611328125 0.5562499999999999 0.04921875 0.09305555555555556 
0 0.23671875 0.4763888888888889 0.040625 0.05555555555555555 
0 0.6296875 0.5263888888888889 0.025 0.07222222222222222 
0 0.2859375 0.40694444444444444 0.01875 0.03333333333333333 
0 0.146875 0.6243055555555556 0.0234375 0.05138888888888889 
0 0.171484375 0.6805555555555556 0.02265625 0.04722222222222222 
0 0.5320312500000001 0.7930555555555556 0.0265625 0.04722222222222222