0 0.29921875 0.3541666666666667 0.028125 0.03611111111111111 
0 0.20781249999999998 0.9493055555555556 0.01875 0.034722222222222224 
0 0.4640625 0.5256944444444445 0.0375 0.07916666666666666 
0 0.5105468750000001 0.6729166666666667 0.03359375 0.059722222222222225 
0 0.162109375 0.42569444444444443 0.02890625 0.043055555555555555 
0 0.294140625 0.38055555555555554 0.03359375 0.06666666666666667 
0 0.562890625 0.7923611111111112 0.05234375 0.10138888888888889 
0 0.1390625 0.5548611111111111 0.0546875 0.06805555555555555 
0 0.583203125 0.7451388888888888 0.03046875 0.0875 
0 0.20156249999999998 0.48819444444444443 0.021875 0.043055555555555555 
0 0.021484375 0.7208333333333333 0.02734375 0.05555555555555555 
0 0.0453125 0.8027777777777778 0.0265625 0.05