0 0.479296875 0.5472222222222222 0.03515625 0.06944444444444445 
0 0.694140625 0.8263888888888888 0.04765625 0.08333333333333333 
0 0.658203125 0.6902777777777778 0.03828125 0.06944444444444445 
0 0.29375 0.22777777777777777 0.040625 0.06666666666666667 
0 0.533203125 0.2902777777777778 0.03515625 0.06111111111111111 
0 0.50390625 0.11527777777777778 0.0375 0.05 
0 0.4765625 0.1298611111111111 0.03125 0.04583333333333333 
0 0.6625 0.30833333333333335 0.04375 0.06944444444444445 
0 0.3984375 0.26319444444444445 0.0203125 0.034722222222222224 
0 0.258203125 0.09513888888888888 0.02578125 0.034722222222222224 
0 0.278515625 0.5277777777777778 0.02421875 0.044444444444444446 
0 0.5304687499999999 0.1326388888888889 0.0359375 0.043055555555555555 
0 0.818359375 0.18472222222222223 0.04453125 0.058333333333333334 
0 0.21367187499999998 0.12152777777777779 0.03046875 0.043055555555555555 
0 0.483984375 0.5972222222222222 0.02109375 0.058333333333333334