0 0.470703125 0.31805555555555554 0.04140625 0.04722222222222222 
0 0.47734375 0.46388888888888885 0.0328125 0.044444444444444446 
0 0.53671875 0.4555555555555556 0.0359375 0.04722222222222222 
0 0.698046875 0.12013888888888888 0.03515625 0.05694444444444444 
0 0.746484375 0.14722222222222223 0.04609375 0.05277777777777778 
0 0.38046874999999997 0.48194444444444445 0.0359375 0.05277777777777778 
0 0.365625 0.7916666666666666 0.03125 0.05555555555555555 
0 0.407421875 0.4756944444444445 0.02421875 0.029166666666666667 
0 0.640234375 0.16319444444444445 0.03984375 0.0625 
0 0.298828125 0.21736111111111112 0.04140625 0.05138888888888889 
0 0.8058593749999999 0.3826388888888889 0.03984375 0.05138888888888889 
0 0.501953125 0.49027777777777776 0.02734375 0.03611111111111111 
0 0.72265625 0.40069444444444446 0.034375 0.05138888888888889 
0 0.535546875 0.576388888888889 0.04296875 0.05277777777777778 
0 0.537109375 0.5020833333333333 0.03203125 0.04027777777777778