0 0.31171875 0.7548611111111112 0.0203125 0.034722222222222224 
0 0.5125 0.3458333333333333 0.028125 0.058333333333333334 
0 0.562109375 0.4638888888888889 0.03203125 0.05555555555555555 
0 0.25234375 0.3590277777777778 0.0234375 0.034722222222222224 
0 0.610546875 0.5493055555555555 0.04921875 0.09305555555555556 
0 0.2390625 0.4638888888888889 0.04375 0.05277777777777778 
0 0.626953125 0.5069444444444444 0.02265625 0.07222222222222222 
0 0.28750000000000003 0.3972222222222222 0.01875 0.03333333333333333 
0 0.15078125 0.6062500000000001 0.0234375 0.05138888888888889 
0 0.173828125 0.6611111111111111 0.02265625 0.04722222222222222 
0 0.52734375 0.775 0.0265625 0.04722222222222222