0 0.39609375 0.9569444444444445 0.0234375 0.05277777777777778 
0 0.51171875 0.29305555555555557 0.0328125 0.05555555555555555 
0 0.714453125 0.5326388888888889 0.04296875 0.06527777777777778 
0 0.680078125 0.4222222222222222 0.03828125 0.06111111111111111 
0 0.603515625 0.7354166666666666 0.04453125 0.0763888888888889 
0 0.512109375 0.7534722222222222 0.04453125 0.0763888888888889 
0 0.338671875 0.11527777777777777 0.03359375 0.05555555555555555 
0 0.5515625000000001 0.09097222222222222 0.0296875 0.05416666666666667 
0 0.6671874999999999 0.08888888888888889 0.04375 0.06944444444444445 
0 0.4375 0.06319444444444444 0.0203125 0.034722222222222224 
0 0.551953125 0.8201388888888889 0.03359375 0.0625 
0 0.53203125 0.8486111111111111 0.04375 0.08055555555555556 
0 0.345703125 0.2861111111111111 0.02109375 0.03611111111111111 
0 0.521484375 0.33819444444444446 0.02109375 0.05694444444444444 
0 0.18046875 0.9333333333333333 0.0328125 0.05555555555555555 
0 0.873046875 0.7180555555555556 0.03984375 0.05555555555555555 
0 0.8871093750000001 0.6937500000000001 0.04140625 0.043055555555555555