0 0.3890625 0.8625 0.0234375 0.05277777777777778 
0 0.504296875 0.21458333333333332 0.02890625 0.05138888888888889 
0 0.699609375 0.4479166666666667 0.04296875 0.05416666666666667 
0 0.668359375 0.3527777777777778 0.03828125 0.06111111111111111 
0 0.59296875 0.6479166666666667 0.0421875 0.07083333333333333 
0 0.5050781249999999 0.6673611111111111 0.04453125 0.07361111111111111 
0 0.332421875 0.05 0.03359375 0.05555555555555555 
0 0.542578125 0.7270833333333333 0.03359375 0.0625 
0 0.51875 0.7569444444444444 0.04375 0.08055555555555556 
0 0.34023437500000003 0.20069444444444443 0.02109375 0.034722222222222224 
0 0.51328125 0.2576388888888889 0.0203125 0.05416666666666667 
0 0.178125 0.8465277777777778 0.0328125 0.05138888888888889 
0 0.84609375 0.61875 0.0390625 0.05138888888888889 
0 0.862109375 0.5958333333333333 0.03671875 0.044444444444444446