0 0.510546875 0.6680555555555555 0.04609375 0.08055555555555556 
0 0.522265625 0.8486111111111111 0.04296875 0.06944444444444445 
0 0.60546875 0.8819444444444444 0.0640625 0.09166666666666666 
0 0.553125 0.9270833333333334 0.05 0.09583333333333334 
0 0.83359375 0.35624999999999996 0.046875 0.07361111111111111 
0 0.9660156249999999 0.22916666666666666 0.05234375 0.09166666666666666 
0 0.920703125 0.4104166666666667 0.06015625 0.08472222222222223 
0 0.3984375 0.8986111111111111 0.0515625 0.07222222222222222 
0 0.42890625 0.9006944444444445 0.03125 0.05138888888888889 
0 0.7425781250000001 0.3944444444444445 0.04921875 0.08055555555555556 
0 0.276171875 0.5354166666666667 0.05234375 0.0875 
0 0.8660156250000001 0.7743055555555555 0.05390625 0.08194444444444444 
0 0.365234375 0.06805555555555556 0.04453125 0.06944444444444445 
0 0.319140625 0.06597222222222222 0.03359375 0.043055555555555555 
0 0.446484375 0.08194444444444444 0.02734375 0.05