0 0.290625 0.44027777777777777 0.03125 0.041666666666666664 
0 0.09531250000000001 0.5083333333333333 0.053125 0.075 
0 0.45859375 0.6368055555555555 0.0390625 0.07916666666666666 
0 0.505078125 0.7909722222222222 0.03359375 0.059722222222222225 
0 0.143359375 0.5076388888888889 0.02890625 0.043055555555555555 
0 0.28125 0.46805555555555556 0.034375 0.05 
0 0.5582031249999999 0.9270833333333334 0.05234375 0.10138888888888889 
0 0.11992187500000001 0.6472222222222223 0.06171875 0.07222222222222222 
0 0.582421875 0.8729166666666666 0.03046875 0.09305555555555556 
0 0.18515625 0.5756944444444445 0.0234375 0.04583333333333333 
0 0.0140625 0.9159722222222222 0.028125 0.05416666666666667