0 0.887109375 0.39583333333333337 0.06796875 0.08611111111111111 
0 0.278515625 0.42291666666666666 0.01640625 0.03194444444444444 
0 0.478125 0.06527777777777778 0.0234375 0.05 
0 0.5125 0.15138888888888888 0.03125 0.058333333333333334 
0 0.55546875 0.23541666666666666 0.046875 0.0875 
0 0.214453125 0.14444444444444443 0.04140625 0.05277777777777778 
0 0.5750000000000001 0.20902777777777776 0.01875 0.06805555555555555 
0 0.261328125 0.10416666666666666 0.01953125 0.041666666666666664 
0 0.128515625 0.26805555555555555 0.02421875 0.05555555555555555 
0 0.151953125 0.32430555555555557 0.01953125 0.0375 
0 0.474609375 0.44027777777777777 0.02578125 0.044444444444444446