0 0.48945312500000004 0.5083333333333333 0.04609375 0.06944444444444445 
0 0.4984375 0.6805555555555556 0.04375 0.06111111111111111 
0 0.57265625 0.6972222222222222 0.05625 0.07777777777777778 
0 0.523828125 0.7402777777777778 0.03984375 0.07222222222222222 
0 0.7738281250000001 0.24861111111111112 0.04140625 0.06666666666666667 
0 0.882421875 0.14444444444444443 0.04765625 0.07222222222222222 
0 0.840234375 0.29583333333333334 0.05859375 0.08055555555555556 
0 0.38046874999999997 0.7222222222222222 0.04375 0.06666666666666667 
0 0.408203125 0.7208333333333333 0.03359375 0.041666666666666664 
0 0.701171875 0.29305555555555557 0.04921875 0.08055555555555556 
0 0.28125 0.38541666666666663 0.0484375 0.06805555555555555 
0 0.9390624999999999 0.7006944444444444 0.0484375 0.08472222222222223 
0 0.7999999999999999 0.6104166666666666 0.05625 0.0763888888888889 
0 0.59375 0.8305555555555556 0.0375 0.041666666666666664 
0 0.5687500000000001 0.9604166666666667 0.0453125 0.07083333333333333 
0 0.5734375 0.7999999999999999 0.053125 0.07222222222222222