0 0.928125 0.45208333333333334 0.05625 0.08194444444444444 
0 0.28867187499999997 0.47291666666666665 0.01640625 0.03194444444444444 
0 0.48710937499999996 0.09305555555555556 0.02421875 0.05555555555555555 
0 0.527734375 0.19027777777777777 0.02890625 0.05555555555555555 
0 0.5703125 0.27569444444444446 0.046875 0.0875 
0 0.22187500000000002 0.18541666666666665 0.040625 0.05138888888888889 
0 0.589453125 0.24583333333333335 0.01953125 0.07222222222222222 
0 0.27031249999999996 0.1423611111111111 0.0203125 0.034722222222222224 
0 0.13671875 0.3145833333333333 0.0234375 0.05138888888888889 
0 0.158203125 0.36319444444444443 0.01953125 0.0375 
0 0.48984375 0.4798611111111111 0.025 0.0375