0 0.50234375 0.7215277777777778 0.0421875 0.0875 
0 0.5140625 0.9013888888888889 0.0484375 0.06944444444444445 
0 0.6023437500000001 0.9395833333333333 0.0578125 0.0875 
0 0.54921875 0.9708333333333333 0.0546875 0.05555555555555555 
0 0.833984375 0.4013888888888889 0.05078125 0.07777777777777778 
0 0.962890625 0.2722222222222222 0.05234375 0.09166666666666666 
0 0.9167968750000001 0.45694444444444443 0.06171875 0.08888888888888889 
0 0.38828125 0.9527777777777777 0.0578125 0.08055555555555556 
0 0.42148437499999997 0.9520833333333334 0.02421875 0.05694444444444444 
0 0.7410156250000001 0.4375 0.04921875 0.08055555555555556 
0 0.26328125 0.5784722222222223 0.0546875 0.09305555555555556 
0 0.8640625 0.8263888888888888 0.059375 0.09166666666666666 
0 0.35585937500000003 0.08611111111111111 0.04453125 0.06944444444444445 
0 0.30625 0.08333333333333334 0.0390625 0.05 
0 0.434765625 0.10555555555555557 0.02734375 0.05