0 0.482421875 0.5472222222222222 0.03515625 0.06944444444444445 
0 0.698828125 0.8229166666666666 0.04765625 0.07916666666666666 
0 0.6628906250000001 0.6875 0.03828125 0.06944444444444445 
0 0.29921875000000003 0.23888888888888887 0.040625 0.06666666666666667 
0 0.535546875 0.2916666666666667 0.03515625 0.06111111111111111 
0 0.5046875000000001 0.12361111111111112 0.0375 0.05 
0 0.4796875 0.13541666666666666 0.03125 0.04583333333333333 
0 0.6640625 0.30833333333333335 0.04375 0.06944444444444445 
0 0.40234375 0.2659722222222222 0.0203125 0.034722222222222224 
0 0.263671875 0.1076388888888889 0.02578125 0.034722222222222224 
0 0.286328125 0.5270833333333333 0.02421875 0.043055555555555555 
0 0.5328125 0.13819444444444445 0.0359375 0.043055555555555555 
0 0.822265625 0.18611111111111112 0.04453125 0.058333333333333334 
0 0.21796875 0.125 0.03125 0.04722222222222222 
0 0.489453125 0.5944444444444444 0.02109375 0.058333333333333334