0 0.512109375 0.19791666666666666 0.03671875 0.0375 
0 0.51953125 0.33749999999999997 0.03125 0.03611111111111111 
0 0.57890625 0.32499999999999996 0.0328125 0.041666666666666664 
0 0.42734375 0.3611111111111111 0.034375 0.044444444444444446 
0 0.209375 0.8701388888888889 0.04375 0.07083333333333333 
0 0.167578125 0.89375 0.03046875 0.059722222222222225 
0 0.42109375 0.6347222222222223 0.03125 0.05 
0 0.453125 0.35694444444444445 0.021875 0.027777777777777776 
0 0.675390625 0.04375 0.02578125 0.05138888888888889 
0 0.342578125 0.12361111111111112 0.04140625 0.05277777777777778 
0 0.842578125 0.23194444444444443 0.02890625 0.05277777777777778 
0 0.76171875 0.2652777777777778 0.0296875 0.044444444444444446 
0 0.577734375 0.43194444444444446 0.04296875 0.05 
0 0.576953125 0.36319444444444443 0.03203125 0.04027777777777778