0 0.39296875 0.9125 0.0234375 0.05277777777777778 
0 0.50859375 0.25416666666666665 0.03125 0.05277777777777778 
0 0.705859375 0.4923611111111111 0.04296875 0.06527777777777778 
0 0.6746093750000001 0.3888888888888889 0.03828125 0.06111111111111111 
0 0.5988281249999999 0.6951388888888889 0.04453125 0.0763888888888889 
0 0.509765625 0.7090277777777777 0.04453125 0.0763888888888889 
0 0.33554687499999997 0.08333333333333333 0.03359375 0.05555555555555555 
0 0.5492187500000001 0.05486111111111111 0.0296875 0.05416666666666667 
0 0.6632812499999999 0.05277777777777778 0.04375 0.06944444444444445 
0 0.4359375 0.02013888888888889 0.0203125 0.034722222222222224 
0 0.548046875 0.7756944444444445 0.03359375 0.0625 
0 0.525 0.8055555555555555 0.04375 0.08055555555555556 
0 0.343359375 0.24444444444444444 0.02109375 0.03611111111111111 
0 0.517578125 0.2986111111111111 0.02109375 0.05555555555555555 
0 0.17734375000000002 0.8986111111111111 0.0328125 0.06111111111111111 
0 0.859765625 0.6687500000000001 0.03984375 0.05416666666666667 
0 0.87421875 0.6451388888888889 0.0390625 0.043055555555555555