0 0.380859375 0.3416666666666667 0.03515625 0.05555555555555555 
0 0.197265625 0.7409722222222221 0.05390625 0.08472222222222223 
0 0.469140625 0.8020833333333334 0.06484375 0.10416666666666667 
0 0.43203125 0.8125 0.0546875 0.09444444444444444 
0 0.423046875 0.9076388888888889 0.05546875 0.10694444444444444 
0 0.23828125 0.8694444444444444 0.0359375 0.09166666666666666 
0 0.16484374999999998 0.525 0.0375 0.058333333333333334 
0 0.509765625 0.8923611111111112 0.06796875 0.10972222222222222 
0 0.107421875 0.5541666666666667 0.03046875 0.044444444444444446 
0 0.337109375 0.2826388888888889 0.02734375 0.04583333333333333 
0 0.585546875 0.8513888888888889 0.06640625 0.06111111111111111