0 0.5125000000000001 0.39444444444444443 0.0296875 0.05555555555555555 
0 0.7218749999999999 0.6368055555555555 0.04375 0.07083333333333333 
0 0.683984375 0.5263888888888889 0.03828125 0.06111111111111111 
0 0.608203125 0.8493055555555555 0.04453125 0.0763888888888889 
0 0.512109375 0.8618055555555555 0.04453125 0.0763888888888889 
0 0.3390625 0.19722222222222222 0.0359375 0.06666666666666667 
0 0.5531250000000001 0.17152777777777778 0.0296875 0.05416666666666667 
0 0.52109375 0.05 0.034375 0.044444444444444446 
0 0.6710937499999999 0.17222222222222222 0.04375 0.06944444444444445 
0 0.43828124999999996 0.1423611111111111 0.0203125 0.034722222222222224 
0 0.303515625 0.09097222222222223 0.02578125 0.034722222222222224 
0 0.55625 0.9416666666666667 0.0375 0.07222222222222222 
0 0.5363281249999999 0.9708333333333333 0.04765625 0.05555555555555555 
0 0.339453125 0.3798611111111111 0.02109375 0.0375 
0 0.521484375 0.4361111111111111 0.02109375 0.058333333333333334 
0 0.8917968749999999 0.8569444444444444 0.04453125 0.06666666666666667 
0 0.906640625 0.826388888888889 0.05390625 0.05