0 0.90234375 0.41250000000000003 0.0734375 0.08055555555555556 
0 0.282421875 0.43680555555555556 0.01640625 0.03194444444444444 
0 0.48203125 0.06875 0.0234375 0.05416666666666667 
0 0.51796875 0.1638888888888889 0.0328125 0.06388888888888888 
0 0.56328125 0.2451388888888889 0.046875 0.0875 
0 0.216796875 0.15625 0.04453125 0.05138888888888889 
0 0.58203125 0.21875 0.01875 0.07083333333333333 
0 0.26640624999999996 0.11180555555555555 0.0203125 0.034722222222222224 
0 0.13125 0.2833333333333334 0.0234375 0.05 
0 0.153515625 0.33541666666666664 0.01953125 0.0375 
0 0.480078125 0.44861111111111107 0.02734375 0.04722222222222222