0 0.36796875 0.1701388888888889 0.0296875 0.05694444444444444 
0 0.2171875 0.5152777777777778 0.05 0.07222222222222222 
0 0.483203125 0.7819444444444444 0.04453125 0.08888888888888889 
0 0.45742187500000003 0.49236111111111114 0.04453125 0.08194444444444444 
0 0.42421875 0.5083333333333333 0.0453125 0.07777777777777778 
0 0.423828125 0.5743055555555555 0.05390625 0.0875 
0 0.6589843750000001 0.8534722222222223 0.06484375 0.10138888888888889 
0 0.3015625 0.7993055555555555 0.03125 0.06805555555555555 
0 0.26015625 0.5902777777777778 0.0328125 0.05555555555555555 
0 0.1796875 0.3340277777777778 0.040625 0.05138888888888889 
0 0.49453125 0.5479166666666666 0.0546875 0.07916666666666666 
0 0.8722656249999999 0.7215277777777778 0.05546875 0.07916666666666666 
0 0.123046875 0.35486111111111107 0.03046875 0.043055555555555555 
0 0.330078125 0.12152777777777778 0.02734375 0.04583333333333333