0 0.5078125 0.6833333333333333 0.046875 0.08055555555555556 
0 0.521484375 0.8680555555555556 0.04609375 0.06944444444444445 
0 0.60546875 0.9027777777777777 0.0625 0.09166666666666666 
0 0.55234375 0.9423611111111112 0.0546875 0.09305555555555556 
0 0.8335937499999999 0.3708333333333333 0.0484375 0.075 
0 0.965234375 0.24305555555555555 0.05234375 0.09166666666666666 
0 0.91953125 0.42638888888888893 0.0609375 0.08611111111111111 
0 0.396484375 0.9159722222222222 0.05078125 0.07083333333333333 
0 0.42617187500000003 0.9166666666666666 0.02890625 0.05277777777777778 
0 0.741796875 0.4083333333333334 0.04921875 0.08055555555555556 
0 0.27421875 0.548611111111111 0.053125 0.08888888888888889 
0 0.8675781250000001 0.7909722222222222 0.05703125 0.08472222222222223 
0 0.36367187500000003 0.07500000000000001 0.04453125 0.06944444444444445 
0 0.31601562499999997 0.07152777777777777 0.03359375 0.043055555555555555 
0 0.443359375 0.09027777777777779 0.02734375 0.05