0 0.38671875 0.8347222222222223 0.0234375 0.05277777777777778 
0 0.50234375 0.19444444444444445 0.028125 0.05 
0 0.697265625 0.4263888888888889 0.04140625 0.058333333333333334 
0 0.664453125 0.3333333333333333 0.03828125 0.06111111111111111 
0 0.5890625 0.6222222222222222 0.0390625 0.06388888888888888 
0 0.50078125 0.6381944444444445 0.0328125 0.04861111111111111 
0 0.330859375 0.03333333333333333 0.03359375 0.05555555555555555 
0 0.540234375 0.6993055555555555 0.03359375 0.0625 
0 0.51640625 0.7291666666666666 0.04375 0.08055555555555556 
0 0.337890625 0.17708333333333334 0.02109375 0.03194444444444444 
0 0.5109374999999999 0.23819444444444443 0.0203125 0.05416666666666667 
0 0.17734375000000002 0.8215277777777777 0.0328125 0.05138888888888889 
0 0.83984375 0.5944444444444444 0.0390625 0.05 
0 0.855859375 0.5722222222222223 0.03515625 0.044444444444444446