0 0.31171875 0.7395833333333334 0.0203125 0.034722222222222224 
0 0.512109375 0.33194444444444443 0.02734375 0.05555555555555555 
0 0.5597656249999999 0.4444444444444445 0.03203125 0.05555555555555555 
0 0.251953125 0.34444444444444444 0.02734375 0.03888888888888889 
0 0.6082031250000001 0.5326388888888889 0.04921875 0.09305555555555556 
0 0.239453125 0.45 0.04296875 0.05 
0 0.6257812500000001 0.49166666666666664 0.021875 0.07222222222222222 
0 0.28828125000000004 0.39166666666666666 0.01875 0.03333333333333333 
0 0.15234375 0.5881944444444445 0.0234375 0.05138888888888889 
0 0.17460937499999998 0.6458333333333334 0.02265625 0.04722222222222222 
0 0.52578125 0.7555555555555555 0.0265625 0.04722222222222222