0 0.512109375 0.4388888888888889 0.03203125 0.06111111111111111 
0 0.7214843750000001 0.6847222222222222 0.04609375 0.07777777777777778 
0 0.684765625 0.5652777777777778 0.03828125 0.07222222222222222 
0 0.607421875 0.8965277777777777 0.04453125 0.0763888888888889 
0 0.512109375 0.9104166666666667 0.04453125 0.0763888888888889 
0 0.33671874999999996 0.22777777777777777 0.0359375 0.06666666666666667 
0 0.55234375 0.21597222222222223 0.0296875 0.05416666666666667 
0 0.5203125000000001 0.09027777777777778 0.034375 0.044444444444444446 
0 0.6703125 0.21944444444444444 0.04375 0.06944444444444445 
0 0.43515624999999997 0.17569444444444443 0.0203125 0.034722222222222224 
0 0.301171875 0.12708333333333333 0.02578125 0.034722222222222224 
0 0.55625 0.9784722222222223 0.0375 0.04027777777777778 
0 0.33515625 0.4263888888888889 0.021875 0.041666666666666664 
0 0.5207031249999999 0.4777777777777778 0.02109375 0.058333333333333334 
0 0.89609375 0.9048611111111111 0.0453125 0.06805555555555555 
0 0.909765625 0.875 0.05390625 0.05