0 0.31796874999999997 0.25833333333333336 0.028125 0.03611111111111111 
0 0.24453125 0.80625 0.01875 0.034722222222222224 
0 0.47500000000000003 0.3972222222222222 0.0328125 0.06666666666666667 
0 0.521484375 0.5354166666666667 0.03359375 0.059722222222222225 
0 0.18203125 0.3298611111111111 0.0234375 0.034722222222222224 
0 0.31289062500000003 0.2868055555555556 0.02890625 0.05138888888888889 
0 0.572265625 0.632638888888889 0.04921875 0.09305555555555556 
0 0.16796875 0.4472222222222222 0.05 0.06666666666666667 
0 0.594921875 0.5868055555555555 0.03046875 0.08194444444444444 
0 0.22421875 0.3958333333333333 0.0203125 0.03888888888888889 
0 0.062109375 0.6111111111111112 0.02734375 0.05555555555555555 
0 0.08867187500000001 0.6777777777777778 0.02421875 0.044444444444444446 
0 0.474609375 0.851388888888889 0.02265625 0.041666666666666664