0 0.469921875 0.8166666666666667 0.04296875 0.08611111111111111 
0 0.480078125 0.9819444444444445 0.04453125 0.03333333333333333 
0 0.81015625 0.4902777777777778 0.0546875 0.08333333333333333 
0 0.9386718749999999 0.3611111111111111 0.05234375 0.09166666666666666 
0 0.8910156250000001 0.5611111111111111 0.06484375 0.09722222222222222 
0 0.7171875 0.5229166666666667 0.05 0.0875 
0 0.21054687500000002 0.6743055555555556 0.06015625 0.10416666666666667 
0 0.83671875 0.9208333333333334 0.071875 0.1 
0 0.315234375 0.12083333333333333 0.04453125 0.06944444444444445 
0 0.26406250000000003 0.11388888888888889 0.0421875 0.05555555555555555 
0 0.4015625 0.14444444444444443 0.028125 0.05277777777777778