0 0.387890625 0.18333333333333332 0.03515625 0.05 
0 0.219140625 0.5444444444444444 0.05390625 0.07222222222222222 
0 0.4984375 0.9006944444444445 0.0515625 0.10138888888888889 
0 0.4703125 0.570138888888889 0.0546875 0.09305555555555556 
0 0.43515624999999997 0.5763888888888888 0.0515625 0.08333333333333333 
0 0.42734375 0.6604166666666667 0.0546875 0.09305555555555556 
0 0.68125 0.9722222222222222 0.0765625 0.05277777777777778 
0 0.29179687499999996 0.9340277777777778 0.03203125 0.07083333333333333 
0 0.2609375 0.6527777777777778 0.0328125 0.07222222222222222 
0 0.186328125 0.3506944444444445 0.03671875 0.05694444444444444 
0 0.508203125 0.6416666666666666 0.06328125 0.09444444444444444 
0 0.940234375 0.8854166666666667 0.06328125 0.10416666666666667 
0 0.133203125 0.37430555555555556 0.03046875 0.043055555555555555 
0 0.347265625 0.12708333333333333 0.02734375 0.04583333333333333 
0 0.572265625 0.6118055555555556 0.05234375 0.043055555555555555