0 0.418359375 0.42430555555555555 0.03984375 0.05416666666666667 
0 0.41953125 0.58125 0.0390625 0.05138888888888889 
0 0.48476562500000003 0.5805555555555556 0.04453125 0.06111111111111111 
0 0.666015625 0.22569444444444445 0.03515625 0.05694444444444444 
0 0.741015625 0.15625 0.03515625 0.04861111111111111 
0 0.7097656250000001 0.2708333333333333 0.04609375 0.05277777777777778 
0 0.31953125 0.59375 0.0375 0.05416666666666667 
0 0.283984375 0.9666666666666667 0.03515625 0.058333333333333334 
0 0.34921875 0.5958333333333333 0.025 0.030555555555555555 
0 0.601171875 0.26875 0.03984375 0.0625 
0 0.236328125 0.3006944444444445 0.04140625 0.05138888888888889 
0 0.772265625 0.5388888888888889 0.03984375 0.058333333333333334 
0 0.44375000000000003 0.6180555555555556 0.034375 0.05 
0 0.678125 0.5340277777777778 0.0359375 0.05416666666666667 
0 0.47812499999999997 0.7305555555555555 0.04375 0.05555555555555555 
0 0.480859375 0.6416666666666667 0.04296875 0.05277777777777778