0 0.519140625 0.17569444444444446 0.03515625 0.04027777777777778 
0 0.5851562499999999 0.3 0.0359375 0.03888888888888889 
0 0.43515625 0.3361111111111111 0.034375 0.044444444444444446 
0 0.22343749999999998 0.8361111111111111 0.0421875 0.06666666666666667 
0 0.18242187499999998 0.8583333333333334 0.03046875 0.058333333333333334 
0 0.43046875 0.6034722222222223 0.03125 0.04861111111111111 
0 0.4609375 0.33055555555555555 0.021875 0.027777777777777776 
0 0.52734375 0.30833333333333335 0.0296875 0.03333333333333333 
0 0.6859375000000001 0.024305555555555552 0.0375 0.04583333333333333 
0 0.35117187499999997 0.10277777777777779 0.04140625 0.05277777777777778 
0 0.849609375 0.19999999999999998 0.02890625 0.05277777777777778 
0 0.586328125 0.40347222222222223 0.04296875 0.04861111111111111 
0 0.583984375 0.3333333333333333 0.03203125 0.03888888888888889