0 0.34843749999999996 0.23472222222222222 0.028125 0.03611111111111111 
0 0.290234375 0.7659722222222223 0.01953125 0.034722222222222224 
0 0.501953125 0.3472222222222222 0.03046875 0.06111111111111111 
0 0.548828125 0.46805555555555556 0.03203125 0.05555555555555555 
0 0.225 0.31875 0.0234375 0.034722222222222224 
0 0.3421875 0.2638888888888889 0.028125 0.05 
0 0.6003906250000001 0.5687500000000001 0.04921875 0.09305555555555556 
0 0.21171875 0.43472222222222223 0.04375 0.05555555555555555 
0 0.622265625 0.5256944444444445 0.03046875 0.08194444444444444 
0 0.26406250000000003 0.37222222222222223 0.01875 0.03333333333333333 
0 0.12109375 0.59375 0.0234375 0.05138888888888889 
0 0.144140625 0.6486111111111111 0.02265625 0.04722222222222222 
0 0.5140625 0.7847222222222222 0.025 0.05