0 0.51328125 0.3680555555555556 0.028125 0.05 
0 0.721484375 0.6048611111111111 0.04453125 0.07083333333333333 
0 0.683984375 0.5 0.03828125 0.06111111111111111 
0 0.608203125 0.8201388888888889 0.04453125 0.0763888888888889 
0 0.512109375 0.8368055555555556 0.04453125 0.0763888888888889 
0 0.33984375 0.18055555555555555 0.0359375 0.06666666666666667 
0 0.5531250000000001 0.14930555555555555 0.0296875 0.05416666666666667 
0 0.521875 0.030555555555555558 0.034375 0.044444444444444446 
0 0.6710937499999999 0.1486111111111111 0.04375 0.06944444444444445 
0 0.43984375 0.12708333333333333 0.0203125 0.034722222222222224 
0 0.305078125 0.07430555555555556 0.02578125 0.034722222222222224 
0 0.5570312500000001 0.9125 0.0375 0.07222222222222222 
0 0.5363281249999999 0.9444444444444444 0.04765625 0.08333333333333333 
0 0.341796875 0.35694444444444445 0.02109375 0.03611111111111111 
0 0.522265625 0.4097222222222222 0.02109375 0.058333333333333334 
0 0.887109375 0.8222222222222222 0.04296875 0.06388888888888888 
0 0.901953125 0.7916666666666667 0.05078125 0.04722222222222222