0 0.383984375 0.1625 0.03515625 0.05 
0 0.216015625 0.513888888888889 0.05390625 0.07222222222222222 
0 0.490625 0.8506944444444445 0.0515625 0.10138888888888889 
0 0.464453125 0.5291666666666667 0.05390625 0.08888888888888889 
0 0.4296875 0.5388888888888889 0.0453125 0.07777777777777778 
0 0.42265625 0.6159722222222221 0.0546875 0.09305555555555556 
0 0.6734375 0.945138888888889 0.0671875 0.10416666666666667 
0 0.291015625 0.875 0.03203125 0.07222222222222222 
0 0.26171875 0.6180555555555556 0.0328125 0.07222222222222222 
0 0.182421875 0.3180555555555556 0.03515625 0.05277777777777778 
0 0.505859375 0.5944444444444446 0.06328125 0.09444444444444444 
0 0.912890625 0.8284722222222223 0.05546875 0.09861111111111111 
0 0.130078125 0.3506944444444444 0.03046875 0.043055555555555555 
0 0.343359375 0.10486111111111111 0.02734375 0.04583333333333333