0 0.296875 0.37083333333333335 0.028125 0.03611111111111111 
0 0.20390624999999998 0.9715277777777779 0.01875 0.034722222222222224 
0 0.46328125 0.5465277777777777 0.0375 0.07916666666666666 
0 0.509765625 0.6951388888888889 0.03359375 0.059722222222222225 
0 0.160546875 0.4423611111111111 0.02890625 0.043055555555555555 
0 0.291015625 0.39791666666666664 0.03359375 0.07083333333333333 
0 0.5621093749999999 0.8159722222222222 0.05234375 0.10138888888888889 
0 0.136328125 0.5736111111111111 0.05703125 0.06944444444444445 
0 0.582421875 0.7701388888888889 0.03046875 0.09305555555555556 
0 0.1984375 0.5048611111111111 0.0234375 0.04583333333333333 
0 0.015234375 0.7416666666666667 0.02734375 0.05555555555555555 
0 0.040234375 0.8256944444444445 0.02890625 0.05416666666666667