0 0.449609375 0.5041666666666667 0.04296875 0.06666666666666667 
0 0.45078124999999997 0.6729166666666667 0.0453125 0.059722222222222225 
0 0.51953125 0.6833333333333333 0.05 0.07222222222222222 
0 0.47539062499999996 0.725 0.03984375 0.07222222222222222 
0 0.7140625 0.2833333333333333 0.0375 0.06111111111111111 
0 0.806640625 0.20069444444444445 0.03984375 0.05694444444444444 
0 0.769140625 0.3298611111111111 0.05078125 0.07083333333333333 
0 0.33554687499999997 0.6888888888888889 0.04140625 0.06388888888888888 
0 0.36015624999999996 0.6881944444444444 0.028125 0.0375 
0 0.6453125 0.3194444444444444 0.04375 0.06944444444444445 
0 0.255859375 0.37430555555555556 0.04765625 0.06527777777777778 
0 0.845703125 0.6777777777777777 0.04609375 0.07777777777777778 
0 0.73125 0.6229166666666667 0.046875 0.06805555555555555 
0 0.508203125 0.8951388888888888 0.05546875 0.08472222222222223 
0 0.518359375 0.7631944444444444 0.04296875 0.06527777777777778