0 0.506640625 0.5805555555555555 0.04765625 0.075 
0 0.5171875 0.7583333333333333 0.046875 0.06666666666666667 
0 0.5953125 0.7777777777777778 0.0546875 0.08333333333333333 
0 0.54296875 0.8236111111111111 0.05 0.08888888888888889 
0 0.808203125 0.29027777777777775 0.04140625 0.06666666666666667 
0 0.9296875 0.16944444444444445 0.0515625 0.08611111111111111 
0 0.880859375 0.34305555555555556 0.05859375 0.08055555555555556 
0 0.39140625 0.7993055555555555 0.0453125 0.0763888888888889 
0 0.42617187500000003 0.8020833333333334 0.03828125 0.05138888888888889 
0 0.7269531250000001 0.33333333333333337 0.04921875 0.08055555555555556 
0 0.28359375000000003 0.45763888888888893 0.0484375 0.0763888888888889 
0 0.98515625 0.8229166666666667 0.028125 0.10694444444444444 
0 0.8367187500000001 0.6819444444444445 0.053125 0.08055555555555556 
0 0.6140625 0.9326388888888889 0.0484375 0.05138888888888889 
0 0.36601562499999996 0.041666666666666664 0.03984375 0.05277777777777778 
0 0.32304687499999996 0.03611111111111111 0.03203125 0.03333333333333333 
0 0.5953125 0.9027777777777778 0.0546875 0.07777777777777778