0 0.505078125 0.22291666666666668 0.03515625 0.043055555555555555 
0 0.512109375 0.36319444444444443 0.03359375 0.0375 
0 0.570703125 0.3486111111111111 0.03203125 0.041666666666666664 
0 0.775 0.04097222222222222 0.0453125 0.05694444444444444 
0 0.41953125 0.38611111111111107 0.034375 0.044444444444444446 
0 0.1953125 0.9041666666666667 0.0453125 0.075 
0 0.15390625 0.9291666666666667 0.03125 0.06111111111111111 
0 0.41054687500000003 0.6659722222222222 0.03046875 0.05138888888888889 
0 0.4453125 0.3819444444444445 0.021875 0.027777777777777776 
0 0.669921875 0.07152777777777777 0.03984375 0.0625 
0 0.333203125 0.14583333333333334 0.04140625 0.05277777777777778 
0 0.73046875 0.02222222222222222 0.03125 0.041666666666666664 
0 0.8355468749999999 0.2625 0.02890625 0.05277777777777778 
0 0.753125 0.2930555555555555 0.0296875 0.044444444444444446 
0 0.569140625 0.46111111111111114 0.04296875 0.05 
0 0.570703125 0.3923611111111111 0.03203125 0.04027777777777778