0 0.47109375000000003 0.5013888888888889 0.040625 0.06111111111111111 
0 0.47421875 0.66875 0.0390625 0.059722222222222225 
0 0.5476562500000001 0.6833333333333333 0.05 0.07777777777777778 
0 0.500390625 0.7263888888888889 0.03984375 0.07222222222222222 
0 0.738671875 0.2597222222222222 0.03984375 0.06388888888888888 
0 0.837109375 0.16875 0.04296875 0.0625 
0 0.7984375 0.3055555555555555 0.0546875 0.075 
0 0.35625 0.6916666666666667 0.0421875 0.06388888888888888 
0 0.38164062499999996 0.6944444444444445 0.03203125 0.03888888888888889 
0 0.66875 0.3 0.046875 0.075 
0 0.266796875 0.3770833333333333 0.04765625 0.06527777777777778 
0 0.8875 0.6770833333333333 0.0484375 0.08472222222222223 
0 0.7640625000000001 0.6118055555555555 0.053125 0.07361111111111111 
0 0.5402343749999999 0.9152777777777777 0.04765625 0.06944444444444445 
0 0.5453125 0.7701388888888889 0.0484375 0.0625