0 0.379296875 0.3666666666666667 0.03515625 0.05555555555555555 
0 0.192578125 0.7743055555555555 0.05703125 0.08472222222222223 
0 0.467578125 0.8423611111111111 0.06484375 0.10416666666666667 
0 0.42890625 0.8541666666666667 0.0546875 0.09444444444444444 
0 0.42148437499999997 0.9465277777777779 0.05546875 0.10416666666666667 
0 0.234375 0.9097222222222222 0.0359375 0.09166666666666666 
0 0.159765625 0.5541666666666667 0.03984375 0.06111111111111111 
0 0.513671875 0.9430555555555555 0.06796875 0.09166666666666666 
0 0.10234375 0.5847222222222223 0.03125 0.04722222222222222 
0 0.336328125 0.30763888888888885 0.02734375 0.04583333333333333 
0 0.58828125 0.8930555555555556 0.0671875 0.06388888888888888