0 0.510546875 0.4479166666666667 0.03203125 0.0625 
0 0.721875 0.69375 0.046875 0.07916666666666666 
0 0.683984375 0.5791666666666666 0.03828125 0.06666666666666667 
0 0.6066406249999999 0.9145833333333333 0.04453125 0.0763888888888889 
0 0.512109375 0.9354166666666667 0.04453125 0.0763888888888889 
0 0.33515625 0.24444444444444444 0.0359375 0.06666666666666667 
0 0.55 0.22430555555555554 0.0296875 0.05416666666666667 
0 0.51875 0.09305555555555556 0.034375 0.044444444444444446 
0 0.6703125 0.23055555555555557 0.04375 0.06944444444444445 
0 0.43359375 0.1923611111111111 0.0203125 0.034722222222222224 
0 0.299609375 0.1284722222222222 0.02578125 0.034722222222222224 
0 0.33359374999999997 0.4347222222222222 0.021875 0.041666666666666664 
0 0.519921875 0.49444444444444446 0.02109375 0.058333333333333334 
0 0.898046875 0.9291666666666667 0.04609375 0.06944444444444445 
0 0.911328125 0.9 0.05390625 0.05