0 0.44687499999999997 0.37152777777777773 0.0375 0.043055555555555555 
0 0.44921875 0.5236111111111111 0.0328125 0.04722222222222222 
0 0.51171875 0.5180555555555556 0.040625 0.05 
0 0.681640625 0.1701388888888889 0.03515625 0.05694444444444444 
0 0.759765625 0.09930555555555555 0.03515625 0.04861111111111111 
0 0.7292968750000001 0.21527777777777776 0.04609375 0.05277777777777778 
0 0.35078125 0.5368055555555555 0.0359375 0.05416666666666667 
0 0.326953125 0.8791666666666667 0.03515625 0.058333333333333334 
0 0.378125 0.5375 0.025 0.030555555555555555 
0 0.623046875 0.21458333333333332 0.03984375 0.0625 
0 0.270703125 0.26180555555555557 0.04140625 0.05138888888888889 
0 0.788671875 0.4618055555555556 0.03984375 0.05416666666666667 
0 0.474609375 0.5541666666666667 0.03359375 0.044444444444444446 
0 0.7 0.4708333333333334 0.0359375 0.05 
0 0.508203125 0.6451388888888889 0.04296875 0.05416666666666667 
0 0.51015625 0.5715277777777779 0.0375 0.04583333333333333