0 0.478125 0.798611111111111 0.0484375 0.08055555555555556 
0 0.4890625 0.9701388888888889 0.046875 0.05694444444444444 
0 0.58515625 0.976388888888889 0.0609375 0.044444444444444446 
0 0.815625 0.46805555555555556 0.0546875 0.08333333333333333 
0 0.9449218749999999 0.3375 0.05234375 0.09166666666666666 
0 0.896875 0.5361111111111111 0.0640625 0.09444444444444444 
0 0.72421875 0.5013888888888889 0.05 0.08333333333333333 
0 0.223046875 0.6506944444444445 0.05859375 0.10138888888888889 
0 0.84453125 0.9 0.059375 0.09722222222222222 
0 0.32460937500000003 0.1125 0.04453125 0.06944444444444445 
0 0.27421874999999996 0.1076388888888889 0.0359375 0.043055555555555555 
0 0.410546875 0.13055555555555556 0.02734375 0.05