0 0.50859375 0.4638888888888889 0.0328125 0.06388888888888888 
0 0.722265625 0.7090277777777777 0.04921875 0.08194444444444444 
0 0.683984375 0.5958333333333333 0.03828125 0.06111111111111111 
0 0.6066406249999999 0.9416666666666667 0.04453125 0.075 
0 0.510546875 0.9493055555555555 0.04453125 0.0763888888888889 
0 0.33359374999999997 0.2513888888888889 0.0359375 0.06666666666666667 
0 0.55078125 0.23680555555555555 0.0296875 0.05416666666666667 
0 0.5171875 0.10138888888888889 0.034375 0.044444444444444446 
0 0.6703125 0.24583333333333335 0.04375 0.06944444444444445 
0 0.43124999999999997 0.2159722222222222 0.0203125 0.034722222222222224 
0 0.295703125 0.13125 0.02578125 0.034722222222222224 
0 0.33046875 0.4527777777777778 0.021875 0.041666666666666664 
0 0.546875 0.10347222222222222 0.0328125 0.043055555555555555 
0 0.256640625 0.15763888888888888 0.01953125 0.029166666666666667 
0 0.5191406249999999 0.5097222222222222 0.02109375 0.058333333333333334 
0 0.9011718750000001 0.9611111111111111 0.04609375 0.06666666666666667 
0 0.914453125 0.9375 0.05390625 0.05