0 0.41367187499999997 0.4354166666666667 0.04140625 0.05416666666666667 
0 0.41445312500000003 0.5916666666666667 0.03671875 0.05277777777777778 
0 0.480078125 0.5958333333333333 0.04609375 0.058333333333333334 
0 0.662109375 0.23958333333333334 0.03515625 0.05694444444444444 
0 0.736328125 0.1701388888888889 0.03515625 0.04861111111111111 
0 0.7097656250000001 0.2833333333333333 0.04609375 0.05277777777777778 
0 0.31367187500000004 0.607638888888889 0.03828125 0.05416666666666667 
0 0.34375 0.6083333333333333 0.025 0.030555555555555555 
0 0.595703125 0.28125 0.03984375 0.0625 
0 0.232421875 0.3104166666666667 0.04140625 0.05138888888888889 
0 0.768359375 0.5576388888888889 0.03984375 0.059722222222222225 
0 0.438671875 0.63125 0.03515625 0.05416666666666667 
0 0.67421875 0.5486111111111112 0.040625 0.058333333333333334 
0 0.47265625 0.75 0.04375 0.05555555555555555 
0 0.4765625 0.6534722222222222 0.0390625 0.04583333333333333