0 0.49687499999999996 0.24722222222222223 0.0359375 0.03888888888888889 
0 0.50390625 0.3902777777777778 0.0296875 0.03611111111111111 
0 0.563671875 0.3798611111111111 0.03515625 0.04027777777777778 
0 0.76875 0.06736111111111111 0.0453125 0.05694444444444444 
0 0.40937500000000004 0.4111111111111111 0.034375 0.04722222222222222 
0 0.180859375 0.9381944444444444 0.04609375 0.07916666666666666 
0 0.137109375 0.9638888888888889 0.03515625 0.06111111111111111 
0 0.400390625 0.6986111111111112 0.03046875 0.05277777777777778 
0 0.435546875 0.40555555555555556 0.02265625 0.027777777777777776 
0 0.662890625 0.09375 0.03984375 0.0625 
0 0.32773437499999997 0.16597222222222222 0.04140625 0.05138888888888889 
0 0.7203125 0.03958333333333333 0.034375 0.04861111111111111 
0 0.8292968749999999 0.29305555555555557 0.02890625 0.05277777777777778 
0 0.7445312500000001 0.3208333333333333 0.0296875 0.044444444444444446 
0 0.561328125 0.49097222222222225 0.04296875 0.05138888888888889 
0 0.5636718749999999 0.42291666666666666 0.03203125 0.04027777777777778