0 0.3796875 0.20069444444444445 0.0296875 0.05694444444444444 
0 0.23554687500000002 0.5333333333333333 0.04453125 0.07222222222222222 
0 0.498828125 0.7652777777777777 0.04453125 0.08888888888888889 
0 0.469921875 0.49097222222222225 0.04453125 0.08194444444444444 
0 0.43671875 0.5069444444444444 0.0453125 0.07777777777777778 
0 0.439453125 0.5673611111111111 0.05234375 0.07916666666666666 
0 0.669140625 0.8222222222222223 0.06171875 0.09722222222222222 
0 0.32421875 0.7784722222222222 0.0296875 0.0625 
0 0.28125 0.6027777777777777 0.0328125 0.05555555555555555 
0 0.19921875 0.36458333333333337 0.034375 0.04861111111111111 
0 0.50546875 0.5368055555555555 0.0546875 0.07916666666666666 
0 0.875390625 0.6840277777777778 0.05546875 0.07916666666666666 
0 0.148046875 0.3868055555555555 0.03046875 0.043055555555555555 
0 0.342578125 0.15555555555555556 0.02734375 0.041666666666666664