0 0.8667968749999999 0.4083333333333333 0.05234375 0.06666666666666667 
0 0.28867187499999997 0.46041666666666664 0.01640625 0.03194444444444444 
0 0.478125 0.11666666666666667 0.0234375 0.044444444444444446 
0 0.51328125 0.20416666666666666 0.0328125 0.06388888888888888 
0 0.5515625 0.2763888888888889 0.04375 0.08055555555555556 
0 0.2359375 0.21180555555555555 0.0359375 0.04583333333333333 
0 0.5671875000000001 0.24652777777777776 0.01875 0.05138888888888889 
0 0.27890625 0.1736111111111111 0.0171875 0.03611111111111111 
0 0.152734375 0.3222222222222222 0.02109375 0.044444444444444446 
0 0.172265625 0.36319444444444443 0.01953125 0.0375 
0 0.475 0.47152777777777777 0.0234375 0.04027777777777778