0 0.44023437499999996 0.5034722222222222 0.03984375 0.059722222222222225 
0 0.44257812500000004 0.6694444444444444 0.03828125 0.058333333333333334 
0 0.511328125 0.6798611111111111 0.05078125 0.06527777777777778 
0 0.466796875 0.7222222222222222 0.03984375 0.07222222222222222 
0 0.7042968749999999 0.28541666666666665 0.03671875 0.059722222222222225 
0 0.7957031250000001 0.20625 0.03828125 0.05416666666666667 
0 0.7585937500000001 0.33194444444444443 0.05 0.06944444444444445 
0 0.328515625 0.6875 0.04140625 0.06388888888888888 
0 0.35546875 0.6868055555555556 0.028125 0.0375 
0 0.63671875 0.32152777777777775 0.0421875 0.06805555555555555 
0 0.248828125 0.3701388888888889 0.04765625 0.06527777777777778 
0 0.83203125 0.6715277777777777 0.0453125 0.0763888888888889 
0 0.7214843750000001 0.6270833333333333 0.04609375 0.06527777777777778 
0 0.497265625 0.8840277777777777 0.05546875 0.08472222222222223 
0 0.5070312499999999 0.7597222222222222 0.040625 0.058333333333333334