0 0.39765625 0.22291666666666668 0.0296875 0.05694444444444444 
0 0.265234375 0.5284722222222222 0.04453125 0.0763888888888889 
0 0.5230468749999999 0.6847222222222221 0.04453125 0.08888888888888889 
0 0.4890625 0.4486111111111111 0.0421875 0.058333333333333334 
0 0.45937500000000003 0.4548611111111111 0.0328125 0.059722222222222225 
0 0.459765625 0.5083333333333333 0.03515625 0.05277777777777778 
0 0.679296875 0.7222222222222222 0.05859375 0.07777777777777778 
0 0.36015624999999996 0.6840277777777778 0.028125 0.05694444444444444 
0 0.228125 0.37013888888888885 0.03125 0.04583333333333333 
0 0.5265625 0.4875 0.0453125 0.06666666666666667 
0 0.873828125 0.5819444444444445 0.04453125 0.06944444444444445 
0 0.185546875 0.3993055555555555 0.03046875 0.043055555555555555 
0 0.364453125 0.18611111111111112 0.02734375 0.03888888888888889