0 0.409375 0.45833333333333337 0.040625 0.05277777777777778 
0 0.409375 0.6173611111111111 0.0375 0.05694444444444444 
0 0.47578125 0.6263888888888889 0.0484375 0.06388888888888888 
0 0.662890625 0.26458333333333334 0.03515625 0.05694444444444444 
0 0.742578125 0.1951388888888889 0.03515625 0.04861111111111111 
0 0.7097656250000001 0.3055555555555556 0.04609375 0.05277777777777778 
0 0.30351562499999996 0.6326388888888889 0.03984375 0.05416666666666667 
0 0.3328125 0.6347222222222222 0.025 0.030555555555555555 
0 0.601171875 0.29791666666666666 0.03984375 0.0625 
0 0.223828125 0.3284722222222222 0.04140625 0.05138888888888889 
0 0.7687499999999999 0.5965277777777778 0.040625 0.0625 
0 0.434765625 0.6604166666666667 0.03515625 0.05416666666666667 
0 0.67421875 0.5791666666666667 0.04375 0.06111111111111111 
0 0.465625 0.7916666666666666 0.0453125 0.06111111111111111 
0 0.471875 0.6888888888888889 0.040625 0.05555555555555555