0 0.3078125 0.7770833333333333 0.0203125 0.034722222222222224 
0 0.512890625 0.3597222222222222 0.03046875 0.06111111111111111 
0 0.5636718749999999 0.4777777777777778 0.03203125 0.05555555555555555 
0 0.2453125 0.36041666666666666 0.0234375 0.034722222222222224 
0 0.35859375 0.3013888888888889 0.0359375 0.058333333333333334 
0 0.611328125 0.5618055555555554 0.04921875 0.09305555555555556 
0 0.232421875 0.4722222222222222 0.04296875 0.058333333333333334 
0 0.632421875 0.5381944444444444 0.02734375 0.0763888888888889 
0 0.28437500000000004 0.4166666666666667 0.01875 0.03333333333333333 
0 0.14375 0.6256944444444444 0.0234375 0.05138888888888889 
0 0.16679687499999998 0.6791666666666667 0.02265625 0.04722222222222222 
0 0.528125 0.7937500000000001 0.025 0.043055555555555555