0 0.385546875 0.2888888888888889 0.03515625 0.05555555555555555 
0 0.206640625 0.6763888888888888 0.05390625 0.08055555555555556 
0 0.471484375 0.7229166666666667 0.06484375 0.10416666666666667 
0 0.43359375 0.7333333333333334 0.0546875 0.09444444444444444 
0 0.426171875 0.826388888888889 0.05546875 0.10833333333333334 
0 0.24765625 0.8013888888888888 0.0359375 0.09166666666666666 
0 0.1734375 0.4666666666666667 0.0375 0.058333333333333334 
0 0.513671875 0.8131944444444444 0.06796875 0.10972222222222222 
0 0.11757812499999999 0.49652777777777773 0.03046875 0.043055555555555555 
0 0.342578125 0.2298611111111111 0.02734375 0.04583333333333333 
0 0.5812499999999999 0.76875 0.0640625 0.05416666666666667