0 0.494140625 0.5208333333333334 0.04453125 0.075 
0 0.50078125 0.6902777777777778 0.040625 0.06388888888888888 
0 0.57578125 0.7090277777777777 0.0578125 0.08194444444444444 
0 0.526171875 0.75 0.03984375 0.07222222222222222 
0 0.779296875 0.25555555555555554 0.04140625 0.06666666666666667 
0 0.890625 0.1486111111111111 0.0484375 0.075 
0 0.847265625 0.3041666666666667 0.05859375 0.08055555555555556 
0 0.38203125 0.7340277777777777 0.04375 0.06805555555555555 
0 0.4109375 0.7305555555555556 0.0328125 0.041666666666666664 
0 0.705078125 0.30000000000000004 0.04921875 0.08055555555555556 
0 0.28203125 0.3972222222222222 0.0484375 0.06944444444444445 
0 0.946875 0.720138888888889 0.0515625 0.09583333333333334 
0 0.80546875 0.6208333333333333 0.0515625 0.075 
0 0.596875 0.8472222222222222 0.0375 0.041666666666666664 
0 0.5699218749999999 0.9708333333333333 0.04453125 0.05555555555555555 
0 0.57890625 0.8152777777777778 0.059375 0.08055555555555556