0 0.404296875 0.03194444444444444 0.02421875 0.03888888888888889 
0 0.459375 0.7319444444444444 0.0390625 0.07777777777777778 
0 0.658203125 0.8895833333333333 0.04296875 0.08194444444444444 
0 0.274609375 0.31875 0.04453125 0.0763888888888889 
0 0.52578125 0.4375 0.040625 0.06944444444444445 
0 0.49453125000000003 0.22916666666666669 0.040625 0.05555555555555555 
0 0.46640625 0.24305555555555555 0.03125 0.05 
0 0.46640624999999997 0.2881944444444444 0.028125 0.04027777777777778 
0 0.671875 0.47916666666666663 0.05625 0.07777777777777778 
0 0.37421875 0.42083333333333334 0.0234375 0.041666666666666664 
0 0.23984375 0.16180555555555556 0.03125 0.043055555555555555 
0 0.2359375 0.7166666666666667 0.0375 0.06388888888888888 
0 0.527734375 0.26458333333333334 0.03984375 0.059722222222222225 
0 0.848046875 0.35000000000000003 0.04453125 0.058333333333333334 
0 0.191015625 0.18541666666666667 0.03046875 0.043055555555555555 
0 0.466015625 0.7826388888888889 0.02734375 0.0625