0 0.509375 0.6208333333333333 0.04375 0.08055555555555556 
0 0.5207031249999999 0.798611111111111 0.04453125 0.06944444444444445 
0 0.6015625 0.825 0.05625 0.08611111111111111 
0 0.54921875 0.8666666666666666 0.05 0.08333333333333333 
0 0.823046875 0.31666666666666665 0.04296875 0.06944444444444445 
0 0.9503906249999999 0.19166666666666668 0.05234375 0.09166666666666666 
0 0.90078125 0.3715277777777778 0.059375 0.08194444444444444 
0 0.4 0.8402777777777778 0.05 0.075 
0 0.429296875 0.8479166666666667 0.03828125 0.04861111111111111 
0 0.737890625 0.35833333333333334 0.04921875 0.08055555555555556 
0 0.282421875 0.49444444444444446 0.04921875 0.08055555555555556 
0 0.853125 0.7243055555555555 0.059375 0.08472222222222223 
0 0.6238281250000001 0.9847222222222222 0.05390625 0.027777777777777776 
0 0.36640625000000004 0.052083333333333336 0.0421875 0.059722222222222225 
0 0.32265625000000003 0.049305555555555554 0.0328125 0.0375 
0 0.601953125 0.9576388888888888 0.05390625 0.0763888888888889 
0 0.449609375 0.06527777777777778 0.02734375 0.05