0 0.295703125 0.38541666666666663 0.02890625 0.0375 
0 0.20078125 0.9854166666666666 0.01875 0.02638888888888889 
0 0.46249999999999997 0.5645833333333333 0.0375 0.07916666666666666 
0 0.508203125 0.71875 0.03359375 0.059722222222222225 
0 0.15742187500000002 0.4576388888888889 0.02890625 0.043055555555555555 
0 0.289453125 0.4131944444444444 0.03359375 0.06527777777777778 
0 0.561328125 0.8395833333333333 0.05234375 0.10138888888888889 
0 0.13359375 0.5895833333333333 0.0546875 0.07083333333333333 
0 0.582421875 0.7895833333333333 0.03046875 0.09305555555555556 
0 0.19609375 0.51875 0.0234375 0.04583333333333333 
0 0.01171875 0.7652777777777778 0.0234375 0.05555555555555555 
0 0.033984375 0.8465277777777778 0.02890625 0.05416666666666667