0 0.33359374999999997 0.2361111111111111 0.028125 0.03611111111111111 
0 0.27265625000000004 0.7673611111111112 0.01875 0.034722222222222224 
0 0.48945312500000004 0.3541666666666667 0.03046875 0.06111111111111111 
0 0.5378906250000001 0.4861111111111111 0.03359375 0.058333333333333334 
0 0.20625 0.3145833333333333 0.0234375 0.034722222222222224 
0 0.32890624999999996 0.2652777777777778 0.028125 0.05 
0 0.589453125 0.5840277777777778 0.04921875 0.09305555555555556 
0 0.191796875 0.4305555555555556 0.04453125 0.06111111111111111 
0 0.6121093750000001 0.5381944444444444 0.03046875 0.08194444444444444 
0 0.244140625 0.3770833333333333 0.01953125 0.0375 
0 0.09765625 0.59375 0.0234375 0.05138888888888889 
0 0.119921875 0.65 0.02109375 0.03611111111111111 
0 0.496875 0.8013888888888889 0.0265625 0.041666666666666664