0 0.38828124999999997 0.2201388888888889 0.0296875 0.05694444444444444 
0 0.246484375 0.548611111111111 0.04453125 0.07222222222222222 
0 0.508203125 0.7611111111111111 0.04453125 0.08888888888888889 
0 0.47890625 0.4965277777777778 0.04375 0.0763888888888889 
0 0.44609374999999996 0.5104166666666666 0.04375 0.07361111111111111 
0 0.44648437500000004 0.5708333333333333 0.04609375 0.06944444444444445 
0 0.6796875 0.8131944444444446 0.059375 0.09305555555555556 
0 0.3421875 0.7770833333333333 0.0296875 0.0625 
0 0.2921875 0.6111111111111112 0.0328125 0.05277777777777778 
0 0.21328125 0.38402777777777775 0.03125 0.04583333333333333 
0 0.514453125 0.5430555555555555 0.05078125 0.075 
0 0.8796875 0.6729166666666666 0.0515625 0.07361111111111111 
0 0.162109375 0.41180555555555554 0.03046875 0.043055555555555555 
0 0.351171875 0.17638888888888887 0.02734375 0.03888888888888889