0 0.474609375 0.6666666666666666 0.03671875 0.07222222222222222 
0 0.7046875 0.954861111111111 0.0515625 0.0875 
0 0.663671875 0.8145833333333333 0.04140625 0.0763888888888889 
0 0.290234375 0.2895833333333333 0.04453125 0.0763888888888889 
0 0.5343749999999999 0.375 0.040625 0.06944444444444445 
0 0.50390625 0.1875 0.0375 0.05 
0 0.478125 0.19791666666666666 0.03125 0.04583333333333333 
0 0.47812499999999997 0.24027777777777778 0.028125 0.03333333333333333 
0 0.675390625 0.4131944444444444 0.05078125 0.07361111111111111 
0 0.38828124999999997 0.36041666666666666 0.021875 0.04027777777777778 
0 0.2546875 0.14305555555555555 0.03125 0.041666666666666664 
0 0.26171875 0.6402777777777778 0.0328125 0.06111111111111111 
0 0.536328125 0.21805555555555556 0.03828125 0.05277777777777778 
0 0.8449218749999999 0.29583333333333334 0.04453125 0.058333333333333334 
0 0.212890625 0.16180555555555556 0.03046875 0.043055555555555555 
0 0.41640625 0.018055555555555554 0.021875 0.03611111111111111 
0 0.480859375 0.7145833333333333 0.02734375 0.0625