0 0.30390625 0.76875 0.0203125 0.034722222222222224 
0 0.511328125 0.3486111111111111 0.03046875 0.06111111111111111 
0 0.557421875 0.47361111111111115 0.03203125 0.05555555555555555 
0 0.240625 0.3451388888888889 0.0234375 0.034722222222222224 
0 0.3546875 0.28472222222222227 0.028125 0.05 
0 0.608984375 0.5659722222222223 0.04921875 0.09305555555555556 
0 0.228125 0.4548611111111111 0.0453125 0.059722222222222225 
0 0.63046875 0.525 0.0296875 0.08055555555555556 
0 0.27578125000000003 0.3986111111111111 0.01875 0.03333333333333333 
0 0.13671875 0.607638888888889 0.0234375 0.05138888888888889 
0 0.160546875 0.6638888888888889 0.02265625 0.04722222222222222 
0 0.52578125 0.7861111111111111 0.0328125 0.04722222222222222