0 0.39609374999999997 0.2520833333333333 0.0296875 0.05694444444444444 
0 0.263671875 0.5736111111111111 0.04453125 0.07222222222222222 
0 0.5230468749999999 0.7569444444444444 0.04453125 0.08888888888888889 
0 0.49140625000000004 0.5048611111111111 0.0421875 0.06805555555555555 
0 0.45937500000000003 0.513888888888889 0.0421875 0.06944444444444445 
0 0.45859374999999997 0.576388888888889 0.0375 0.05555555555555555 
0 0.692578125 0.8069444444444444 0.05703125 0.08611111111111111 
0 0.3546875 0.7701388888888889 0.0296875 0.0625 
0 0.30390625 0.6284722222222222 0.0328125 0.043055555555555555 
0 0.22578125 0.40902777777777777 0.03125 0.04583333333333333 
0 0.5281250000000001 0.548611111111111 0.0453125 0.06666666666666667 
0 0.884765625 0.65625 0.04453125 0.06527777777777778 
0 0.177734375 0.4423611111111111 0.03046875 0.043055555555555555 
0 0.358203125 0.20277777777777778 0.02734375 0.03888888888888889