0 0.43124999999999997 0.4 0.04375 0.05 
0 0.43359375 0.5548611111111111 0.034375 0.04861111111111111 
0 0.49765625 0.5513888888888889 0.0421875 0.05555555555555555 
0 0.673828125 0.19791666666666669 0.03515625 0.05694444444444444 
0 0.750390625 0.12708333333333333 0.03515625 0.04861111111111111 
0 0.719921875 0.24305555555555555 0.04609375 0.05277777777777778 
0 0.32968749999999997 0.56875 0.0359375 0.05416666666666667 
0 0.305859375 0.9222222222222223 0.03515625 0.058333333333333334 
0 0.36015625 0.5694444444444444 0.025 0.030555555555555555 
0 0.612109375 0.24097222222222223 0.03984375 0.0625 
0 0.253515625 0.28125 0.04140625 0.05138888888888889 
0 0.780078125 0.5020833333333333 0.03984375 0.05694444444444444 
0 0.457421875 0.5861111111111111 0.03359375 0.044444444444444446 
0 0.6882812500000001 0.5027777777777778 0.0375 0.05 
0 0.489453125 0.6909722222222222 0.04296875 0.05416666666666667 
0 0.49375 0.6069444444444445 0.0390625 0.05