0 0.31015624999999997 0.78125 0.0203125 0.034722222222222224 
0 0.513671875 0.36527777777777776 0.03046875 0.06111111111111111 
0 0.562890625 0.4763888888888889 0.03203125 0.05555555555555555 
0 0.24765625 0.36874999999999997 0.0234375 0.034722222222222224 
0 0.35859375 0.3055555555555556 0.0359375 0.06388888888888888 
0 0.611328125 0.5590277777777777 0.04921875 0.09305555555555556 
0 0.23515624999999998 0.4777777777777778 0.0421875 0.05277777777777778 
0 0.63125 0.5319444444444444 0.0265625 0.075 
0 0.28515625 0.4111111111111111 0.01875 0.03333333333333333 
0 0.1453125 0.6256944444444444 0.0234375 0.05138888888888889 
0 0.169140625 0.6861111111111111 0.02265625 0.04722222222222222 
0 0.5300781250000001 0.7972222222222223 0.02578125 0.044444444444444446