0 0.96015625 0.5319444444444444 0.0546875 0.07777777777777778 
0 0.29570312499999996 0.5451388888888888 0.01640625 0.03194444444444444 
0 0.49609375 0.15833333333333333 0.025 0.05277777777777778 
0 0.53671875 0.25972222222222224 0.03125 0.05555555555555555 
0 0.58203125 0.3368055555555556 0.046875 0.0875 
0 0.22890625 0.25555555555555554 0.0421875 0.05555555555555555 
0 0.600390625 0.3111111111111111 0.01953125 0.07222222222222222 
0 0.27578125000000003 0.20972222222222223 0.01875 0.03333333333333333 
0 0.1453125 0.3923611111111111 0.0234375 0.05138888888888889 
0 0.165234375 0.44166666666666665 0.02265625 0.04722222222222222 
0 0.499609375 0.5520833333333334 0.02890625 0.04583333333333333