0 0.396875 0.9791666666666667 0.0234375 0.03888888888888889 
0 0.5125 0.31875000000000003 0.03125 0.05416666666666667 
0 0.718359375 0.5534722222222223 0.04296875 0.06527777777777778 
0 0.681640625 0.4486111111111111 0.03828125 0.06111111111111111 
0 0.6050781249999999 0.7645833333333333 0.04453125 0.0763888888888889 
0 0.512109375 0.78125 0.04453125 0.0763888888888889 
0 0.33984375 0.1388888888888889 0.034375 0.06111111111111111 
0 0.55234375 0.10902777777777778 0.0296875 0.05416666666666667 
0 0.66953125 0.10694444444444444 0.04375 0.06944444444444445 
0 0.43828124999999996 0.08402777777777778 0.0203125 0.034722222222222224 
0 0.553515625 0.8506944444444444 0.03515625 0.06527777777777778 
0 0.5335937500000001 0.88125 0.0453125 0.08194444444444444 
0 0.34414062500000003 0.30972222222222223 0.02109375 0.03611111111111111 
0 0.523828125 0.35833333333333334 0.02109375 0.058333333333333334 
0 0.180078125 0.9597222222222223 0.03203125 0.05277777777777778 
0 0.8781249999999999 0.7527777777777778 0.040625 0.058333333333333334 
0 0.8917968749999999 0.726388888888889 0.04453125 0.044444444444444446