0 0.8624999999999999 0.41041666666666665 0.0484375 0.059722222222222225 
0 0.28867187499999997 0.4618055555555556 0.01640625 0.03194444444444444 
0 0.47695312500000003 0.12291666666666667 0.02265625 0.043055555555555555 
0 0.5140625 0.2125 0.0328125 0.058333333333333334 
0 0.551953125 0.2833333333333333 0.04296875 0.07777777777777778 
0 0.23906249999999998 0.21944444444444444 0.0375 0.041666666666666664 
0 0.5671875000000001 0.2569444444444444 0.021875 0.05555555555555555 
0 0.28242187500000004 0.18194444444444444 0.01484375 0.03611111111111111 
0 0.157421875 0.32569444444444445 0.01796875 0.04861111111111111 
0 0.176953125 0.3715277777777778 0.01953125 0.0375 
0 0.47578125 0.4784722222222222 0.0234375 0.04027777777777778