0 0.41015625 0.44722222222222224 0.0390625 0.05 
0 0.41093749999999996 0.6048611111111111 0.0359375 0.05416666666666667 
0 0.47695312500000003 0.6111111111111112 0.04609375 0.06388888888888888 
0 0.662109375 0.2520833333333333 0.03515625 0.05694444444444444 
0 0.739453125 0.18263888888888888 0.03515625 0.04861111111111111 
0 0.7097656250000001 0.29444444444444445 0.04609375 0.05277777777777778 
0 0.30859375 0.6201388888888889 0.0390625 0.05416666666666667 
0 0.33828125000000003 0.6222222222222221 0.025 0.030555555555555555 
0 0.5988281249999999 0.28958333333333336 0.03984375 0.0625 
0 0.227734375 0.3201388888888889 0.04140625 0.05138888888888889 
0 0.764453125 0.5763888888888888 0.03984375 0.06111111111111111 
0 0.436328125 0.6465277777777778 0.03515625 0.05416666666666667 
0 0.67421875 0.5638888888888889 0.040625 0.058333333333333334 
0 0.46640624999999997 0.7708333333333334 0.04375 0.05555555555555555 
0 0.47226562499999997 0.6729166666666667 0.03984375 0.05416666666666667