0 0.41015625 0.019444444444444445 0.0296875 0.030555555555555555 
0 0.463671875 0.7034722222222222 0.03828125 0.0763888888888889 
0 0.695703125 0.9743055555555555 0.04296875 0.04861111111111111 
0 0.661328125 0.8645833333333333 0.04296875 0.08194444444444444 
0 0.279296875 0.30625 0.04453125 0.0763888888888889 
0 0.5289062499999999 0.4125 0.040625 0.06944444444444445 
0 0.49921875 0.2097222222222222 0.0390625 0.05277777777777778 
0 0.471875 0.225 0.03125 0.04722222222222222 
0 0.47109375 0.27152777777777776 0.028125 0.0375 
0 0.6734375 0.4555555555555556 0.0546875 0.07777777777777778 
0 0.37890625 0.3923611111111111 0.021875 0.04027777777777778 
0 0.24453125 0.14305555555555555 0.03125 0.041666666666666664 
0 0.24453124999999998 0.6902777777777778 0.0375 0.06388888888888888 
0 0.53203125 0.24583333333333335 0.0390625 0.05555555555555555 
0 0.849609375 0.3333333333333333 0.04453125 0.058333333333333334 
0 0.196484375 0.16597222222222222 0.03046875 0.043055555555555555 
0 0.472265625 0.7618055555555555 0.02734375 0.0625