0 0.970703125 0.5583333333333333 0.05390625 0.07777777777777778 
0 0.298828125 0.5687500000000001 0.01640625 0.03194444444444444 
0 0.49921875 0.18055555555555555 0.025 0.05277777777777778 
0 0.539453125 0.28611111111111115 0.03203125 0.05555555555555555 
0 0.5859375 0.36180555555555555 0.046875 0.0875 
0 0.231640625 0.2840277777777778 0.04140625 0.04861111111111111 
0 0.603515625 0.3333333333333333 0.01953125 0.07222222222222222 
0 0.27734375 0.2361111111111111 0.01875 0.03333333333333333 
0 0.146875 0.4201388888888889 0.0234375 0.05138888888888889 
0 0.16679687499999998 0.4722222222222222 0.02265625 0.04722222222222222 
0 0.503515625 0.58125 0.02890625 0.04583333333333333