0 0.4625 0.3375 0.040625 0.05 
0 0.4671875 0.48541666666666666 0.03125 0.043055555555555555 
0 0.5296875000000001 0.4770833333333333 0.0375 0.04583333333333333 
0 0.689453125 0.1423611111111111 0.03515625 0.05694444444444444 
0 0.769921875 0.07013888888888889 0.03515625 0.04861111111111111 
0 0.738671875 0.1736111111111111 0.04609375 0.05277777777777778 
0 0.37109375 0.50625 0.0359375 0.05416666666666667 
0 0.352734375 0.8215277777777777 0.03203125 0.05694444444444444 
0 0.39765625 0.5 0.025 0.030555555555555555 
0 0.633203125 0.18680555555555556 0.03984375 0.0625 
0 0.289453125 0.23402777777777778 0.04140625 0.05138888888888889 
0 0.799609375 0.41111111111111115 0.03984375 0.05277777777777778 
0 0.490234375 0.513888888888889 0.02734375 0.03611111111111111 
0 0.713671875 0.42291666666666666 0.03515625 0.05416666666666667 
0 0.526953125 0.6 0.04296875 0.05277777777777778 
0 0.52734375 0.5263888888888889 0.0328125 0.041666666666666664