0 0.30234374999999997 0.7645833333333334 0.0203125 0.034722222222222224 
0 0.510546875 0.34305555555555556 0.03046875 0.06111111111111111 
0 0.555078125 0.4722222222222222 0.03203125 0.05555555555555555 
0 0.23515625 0.3368055555555555 0.0234375 0.034722222222222224 
0 0.35 0.2777777777777778 0.028125 0.05 
0 0.6058593750000001 0.5659722222222223 0.04921875 0.09305555555555556 
0 0.22265625 0.4444444444444445 0.0421875 0.058333333333333334 
0 0.629296875 0.517361111111111 0.03046875 0.08194444444444444 
0 0.27187500000000003 0.3902777777777778 0.01875 0.03333333333333333 
0 0.13359375 0.5993055555555555 0.0234375 0.05138888888888889 
0 0.156640625 0.6555555555555556 0.02265625 0.04722222222222222 
0 0.521875 0.7826388888888889 0.034375 0.04861111111111111