0 0.476953125 0.5638888888888889 0.03515625 0.06944444444444445 
0 0.691796875 0.836111111111111 0.04765625 0.08611111111111111 
0 0.6589843750000001 0.7125 0.03828125 0.06944444444444445 
0 0.294140625 0.23958333333333331 0.04140625 0.06805555555555555 
0 0.53359375 0.3034722222222222 0.0359375 0.0625 
0 0.50234375 0.125 0.0375 0.05 
0 0.4765625 0.1423611111111111 0.03125 0.04583333333333333 
0 0.664453125 0.325 0.04453125 0.06944444444444445 
0 0.39765625 0.27847222222222223 0.0203125 0.034722222222222224 
0 0.25859375 0.10416666666666666 0.0265625 0.03611111111111111 
0 0.27734375 0.5458333333333334 0.025 0.04722222222222222 
0 0.531640625 0.14722222222222223 0.03671875 0.044444444444444446 
0 0.822265625 0.20277777777777778 0.04453125 0.058333333333333334 
0 0.212890625 0.12708333333333333 0.03046875 0.043055555555555555 
0 0.484375 0.6152777777777778 0.021875 0.058333333333333334