0 0.37382812499999996 0.1611111111111111 0.03203125 0.05555555555555555 
0 0.210546875 0.5083333333333333 0.05390625 0.07222222222222222 
0 0.48046875 0.8173611111111112 0.046875 0.09305555555555556 
0 0.45664062499999997 0.5104166666666666 0.04921875 0.08472222222222223 
0 0.42265625 0.5236111111111111 0.0453125 0.07777777777777778 
0 0.41796875 0.5965277777777778 0.0546875 0.09305555555555556 
0 0.6625 0.9104166666666667 0.0671875 0.10416666666666667 
0 0.28867187499999997 0.8430555555555556 0.03203125 0.07222222222222222 
0 0.25859375 0.60625 0.0328125 0.06527777777777778 
0 0.176953125 0.3138888888888889 0.03515625 0.05277777777777778 
0 0.49453125000000003 0.5729166666666666 0.0578125 0.08472222222222223 
0 0.8917968749999999 0.7916666666666666 0.05546875 0.08888888888888889 
0 0.119921875 0.3451388888888889 0.03046875 0.043055555555555555 
0 0.339453125 0.11041666666666666 0.02734375 0.04583333333333333