0 0.31484375 0.26805555555555555 0.028125 0.03611111111111111 
0 0.23671875 0.8159722222222223 0.01875 0.034722222222222224 
0 0.47109375000000003 0.4083333333333333 0.0328125 0.06944444444444445 
0 0.5183593750000001 0.5520833333333334 0.03359375 0.059722222222222225 
0 0.17734375 0.3368055555555555 0.0234375 0.034722222222222224 
0 0.309375 0.2951388888888889 0.0296875 0.05138888888888889 
0 0.567578125 0.6465277777777778 0.04921875 0.09305555555555556 
0 0.16328125 0.45902777777777776 0.046875 0.0625 
0 0.591015625 0.5979166666666667 0.03046875 0.08194444444444444 
0 0.2203125 0.40555555555555556 0.0203125 0.03888888888888889 
0 0.055859375 0.6236111111111111 0.02734375 0.05555555555555555 
0 0.08164062500000001 0.6888888888888889 0.02421875 0.044444444444444446 
0 0.46953125 0.8673611111111111 0.0265625 0.04861111111111111