0 0.8675781250000001 0.4041666666666666 0.05703125 0.075 
0 0.28476562499999997 0.44513888888888886 0.01640625 0.03194444444444444 
0 0.4765625 0.09444444444444444 0.0234375 0.044444444444444446 
0 0.5109374999999999 0.18611111111111112 0.0328125 0.06388888888888888 
0 0.5515625000000001 0.2604166666666667 0.0453125 0.08472222222222223 
0 0.22734374999999998 0.18888888888888888 0.0421875 0.044444444444444446 
0 0.5695312499999999 0.23472222222222222 0.0171875 0.058333333333333334 
0 0.27187500000000003 0.15277777777777776 0.01875 0.03611111111111111 
0 0.145703125 0.3083333333333333 0.01953125 0.044444444444444446 
0 0.163671875 0.34791666666666665 0.01953125 0.0375 
0 0.4734375 0.4576388888888889 0.0234375 0.04027777777777778