0 0.29453124999999997 0.3986111111111111 0.0296875 0.03888888888888889 
0 0.10625 0.4736111111111111 0.053125 0.075 
0 0.46132812500000003 0.5826388888888888 0.03828125 0.07916666666666666 
0 0.5066406250000001 0.7423611111111111 0.03359375 0.059722222222222225 
0 0.15351562500000002 0.47291666666666665 0.02890625 0.043055555555555555 
0 0.287109375 0.42986111111111114 0.03359375 0.059722222222222225 
0 0.561328125 0.8645833333333334 0.05234375 0.10138888888888889 
0 0.130078125 0.6055555555555555 0.05703125 0.075 
0 0.582421875 0.8104166666666666 0.03046875 0.09305555555555556 
0 0.19296875 0.5340277777777778 0.0234375 0.04583333333333333 
0 0.009375 0.7791666666666667 0.01875 0.05555555555555555 
0 0.027734375 0.8673611111111111 0.02890625 0.05416666666666667