0 0.507421875 0.49375 0.03359375 0.06527777777777778 
0 0.723828125 0.7465277777777778 0.05078125 0.08472222222222223 
0 0.687109375 0.6194444444444445 0.03828125 0.06111111111111111 
0 0.609765625 0.9694444444444444 0.04453125 0.058333333333333334 
0 0.510546875 0.9694444444444444 0.04453125 0.058333333333333334 
0 0.33125 0.2625 0.0359375 0.06666666666666667 
0 0.5515625000000001 0.2548611111111111 0.0296875 0.05416666666666667 
0 0.51640625 0.11805555555555557 0.034375 0.044444444444444446 
0 0.4953125 0.13125 0.03125 0.04583333333333333 
0 0.6703125 0.26944444444444443 0.04375 0.06944444444444445 
0 0.42890625 0.23958333333333331 0.0203125 0.034722222222222224 
0 0.289453125 0.13958333333333334 0.02578125 0.034722222222222224 
0 0.325 0.48194444444444445 0.021875 0.041666666666666664 
0 0.546875 0.12708333333333333 0.0359375 0.043055555555555555 
0 0.819140625 0.12916666666666665 0.04453125 0.04722222222222222 
0 0.25390625 0.16875 0.01875 0.029166666666666667 
0 0.519921875 0.5347222222222222 0.02109375 0.058333333333333334 
0 0.926171875 0.9770833333333334 0.05390625 0.043055555555555555