0 0.501953125 0.56875 0.04609375 0.07083333333333333 
0 0.511328125 0.7465277777777778 0.04296875 0.0625 
0 0.590234375 0.7680555555555555 0.05546875 0.08611111111111111 
0 0.53984375 0.8118055555555556 0.0515625 0.09027777777777778 
0 0.801953125 0.2833333333333333 0.04140625 0.06666666666666667 
0 0.921484375 0.16527777777777777 0.05078125 0.08333333333333333 
0 0.873828125 0.33472222222222225 0.05859375 0.08055555555555556 
0 0.389453125 0.7861111111111111 0.04453125 0.075 
0 0.41875 0.7833333333333333 0.0328125 0.041666666666666664 
0 0.7230468750000001 0.3263888888888889 0.04921875 0.08055555555555556 
0 0.28359375000000003 0.4458333333333333 0.0484375 0.075 
0 0.978515625 0.80625 0.04140625 0.10694444444444444 
0 0.8292968749999999 0.6749999999999999 0.05546875 0.08333333333333333 
0 0.6085937499999999 0.9145833333333333 0.04375 0.05138888888888889 
0 0.36484375 0.03888888888888889 0.0390625 0.05 
0 0.322265625 0.03333333333333333 0.03203125 0.03333333333333333 
0 0.5890625 0.8861111111111111 0.0546875 0.07777777777777778