0 0.40859375000000003 0.46944444444444444 0.040625 0.05555555555555555 
0 0.41054687500000003 0.6305555555555555 0.03671875 0.058333333333333334 
0 0.47617187499999997 0.6381944444444444 0.04765625 0.06805555555555555 
0 0.662890625 0.27708333333333335 0.03515625 0.05694444444444444 
0 0.745703125 0.20902777777777778 0.03515625 0.04861111111111111 
0 0.731640625 0.2888888888888889 0.04609375 0.05277777777777778 
0 0.30351562499999996 0.6423611111111112 0.03984375 0.05416666666666667 
0 0.33359375 0.6444444444444444 0.025 0.030555555555555555 
0 0.603515625 0.30625 0.03984375 0.0625 
0 0.224609375 0.3368055555555556 0.04140625 0.05138888888888889 
0 0.7738281250000001 0.6159722222222223 0.04140625 0.06527777777777778 
0 0.4359375 0.6743055555555556 0.0359375 0.059722222222222225 
0 0.67734375 0.5902777777777778 0.04375 0.06111111111111111 
0 0.46484375 0.8145833333333333 0.046875 0.06805555555555555 
0 0.47226562499999997 0.7048611111111112 0.03984375 0.05694444444444444