0 0.4765625 0.5027777777777778 0.05 0.07222222222222222 
0 0.48203124999999997 0.6694444444444444 0.04375 0.06111111111111111 
0 0.553125 0.6833333333333333 0.05 0.075 
0 0.506640625 0.725 0.03984375 0.07222222222222222 
0 0.746875 0.2520833333333333 0.040625 0.06527777777777778 
0 0.8472656249999999 0.15694444444444444 0.04453125 0.06388888888888888 
0 0.8078124999999999 0.29652777777777783 0.05625 0.0763888888888889 
0 0.36250000000000004 0.6930555555555555 0.0421875 0.06388888888888888 
0 0.38828125 0.6965277777777779 0.0328125 0.04027777777777778 
0 0.6769531249999999 0.29236111111111107 0.04765625 0.0763888888888889 
0 0.270703125 0.3784722222222222 0.04765625 0.06527777777777778 
0 0.8976562499999999 0.6770833333333333 0.0484375 0.08472222222222223 
0 0.77265625 0.6048611111111111 0.046875 0.07083333333333333 
0 0.54765625 0.91875 0.0390625 0.06805555555555555 
0 0.553125 0.7729166666666667 0.0515625 0.06805555555555555