0 0.4140625 0.014583333333333334 0.0296875 0.029166666666666667 
0 0.4671875 0.6916666666666667 0.0375 0.075 
0 0.696484375 0.9694444444444444 0.05078125 0.058333333333333334 
0 0.663671875 0.8395833333333333 0.04296875 0.08194444444444444 
0 0.284765625 0.29374999999999996 0.04453125 0.0763888888888889 
0 0.53125 0.38611111111111107 0.040625 0.06944444444444445 
0 0.50390625 0.18888888888888888 0.0375 0.05 
0 0.47734375 0.20625 0.03125 0.04583333333333333 
0 0.475 0.25277777777777777 0.028125 0.03333333333333333 
0 0.674609375 0.43333333333333335 0.05234375 0.07777777777777778 
0 0.38203125 0.38125 0.021875 0.04027777777777778 
0 0.2484375 0.14305555555555555 0.03125 0.041666666666666664 
0 0.25390625 0.6638888888888889 0.0375 0.06388888888888888 
0 0.535546875 0.22777777777777777 0.03828125 0.05277777777777778 
0 0.8511718749999999 0.31527777777777777 0.04453125 0.058333333333333334 
0 0.203515625 0.16319444444444445 0.03046875 0.043055555555555555 
0 0.479296875 0.7395833333333334 0.02734375 0.0625