0 0.508203125 0.6055555555555555 0.04296875 0.07222222222222222 
0 0.519140625 0.7833333333333333 0.04296875 0.06388888888888888 
0 0.6000000000000001 0.8083333333333332 0.053125 0.08888888888888889 
0 0.5484375 0.8486111111111111 0.053125 0.08333333333333333 
0 0.8191406250000001 0.30277777777777776 0.04140625 0.06666666666666667 
0 0.9449218749999999 0.17916666666666667 0.05234375 0.09166666666666666 
0 0.894140625 0.35833333333333334 0.05859375 0.08055555555555556 
0 0.39492187500000003 0.8243055555555555 0.04609375 0.07916666666666666 
0 0.427734375 0.8333333333333334 0.03828125 0.05 
0 0.735546875 0.3458333333333334 0.04921875 0.08055555555555556 
0 0.284375 0.4805555555555555 0.0484375 0.07777777777777778 
0 0.847265625 0.7111111111111111 0.05390625 0.07777777777777778 
0 0.619140625 0.9701388888888889 0.05390625 0.05694444444444444 
0 0.36679687499999997 0.04791666666666666 0.04140625 0.05694444444444444 
0 0.3234375 0.04375 0.0328125 0.034722222222222224 
0 0.6007812499999999 0.9402777777777778 0.05625 0.08055555555555556