0 0.4859375 0.49722222222222223 0.0421875 0.06666666666666667 
0 0.49140625 0.6680555555555555 0.040625 0.06666666666666667 
0 0.5652343750000001 0.6840277777777778 0.04921875 0.08194444444444444 
0 0.519921875 0.7208333333333333 0.03984375 0.07222222222222222 
0 0.762890625 0.23472222222222222 0.04140625 0.06666666666666667 
0 0.8671875 0.13472222222222222 0.046875 0.06666666666666667 
0 0.826953125 0.28055555555555556 0.05859375 0.08055555555555556 
0 0.376953125 0.6958333333333333 0.04296875 0.06388888888888888 
0 0.402734375 0.701388888888889 0.03515625 0.041666666666666664 
0 0.692578125 0.28055555555555556 0.04921875 0.08055555555555556 
0 0.278515625 0.38125 0.04765625 0.06527777777777778 
0 0.9210937499999999 0.6770833333333333 0.0484375 0.08472222222222223 
0 0.7890625 0.5993055555555555 0.05 0.07361111111111111 
0 0.560546875 0.9333333333333333 0.04609375 0.07222222222222222 
0 0.566015625 0.7791666666666667 0.04609375 0.06944444444444445