0 0.49062500000000003 0.75625 0.040625 0.08472222222222223 
0 0.50546875 0.9388888888888889 0.046875 0.06666666666666667 
0 0.591796875 0.9666666666666667 0.05859375 0.06666666666666667 
0 0.82734375 0.43125 0.053125 0.08194444444444444 
0 0.9566406249999999 0.3 0.05234375 0.09166666666666666 
0 0.908984375 0.49097222222222225 0.06328125 0.09027777777777778 
0 0.37109375 0.9715277777777778 0.0578125 0.05416666666666667 
0 0.408984375 0.9826388888888888 0.02109375 0.03194444444444444 
0 0.735546875 0.4666666666666667 0.04921875 0.08055555555555556 
0 0.24453125 0.6125 0.05625 0.09722222222222222 
0 0.85625 0.8597222222222223 0.05625 0.09444444444444444 
0 0.343359375 0.09583333333333333 0.04453125 0.06944444444444445 
0 0.291796875 0.09027777777777778 0.04140625 0.058333333333333334 
0 0.422265625 0.11805555555555555 0.02734375 0.05