0 0.9386718749999999 0.4791666666666667 0.05546875 0.08055555555555556 
0 0.291015625 0.4965277777777778 0.01640625 0.03194444444444444 
0 0.490234375 0.11458333333333333 0.02421875 0.05416666666666667 
0 0.5320312500000001 0.20694444444444443 0.0296875 0.05555555555555555 
0 0.57421875 0.2923611111111111 0.046875 0.0875 
0 0.225 0.20625 0.040625 0.05138888888888889 
0 0.593359375 0.26805555555555555 0.01953125 0.07222222222222222 
0 0.27187500000000003 0.15694444444444444 0.01875 0.03333333333333333 
0 0.14140625 0.3368055555555556 0.0234375 0.05138888888888889 
0 0.158984375 0.3645833333333333 0.02109375 0.04027777777777778 
0 0.49179687499999997 0.5006944444444444 0.02578125 0.043055555555555555