0 0.4640625 0.5027777777777778 0.04375 0.06388888888888888 
0 0.4671875 0.670138888888889 0.04375 0.05694444444444444 
0 0.5382812499999999 0.6833333333333333 0.0484375 0.07222222222222222 
0 0.493359375 0.7291666666666666 0.03984375 0.07222222222222222 
0 0.73046875 0.2673611111111111 0.0390625 0.0625 
0 0.82734375 0.17847222222222223 0.0421875 0.059722222222222225 
0 0.788671875 0.31319444444444444 0.05390625 0.07361111111111111 
0 0.34921875 0.6902777777777778 0.0421875 0.06388888888888888 
0 0.374609375 0.6930555555555556 0.03046875 0.03888888888888889 
0 0.6609375000000001 0.30624999999999997 0.0453125 0.07361111111111111 
0 0.262890625 0.3770833333333333 0.04765625 0.06527777777777778 
0 0.873046875 0.6770833333333333 0.04765625 0.08194444444444444 
0 0.753515625 0.6166666666666667 0.05078125 0.07222222222222222 
0 0.532421875 0.9097222222222222 0.04921875 0.07222222222222222 
0 0.5375 0.7694444444444445 0.0484375 0.06666666666666667