0 0.949609375 0.5048611111111111 0.05546875 0.07916666666666666 
0 0.293359375 0.5215277777777778 0.01640625 0.03194444444444444 
0 0.49296875 0.13680555555555557 0.025 0.05416666666666667 
0 0.534765625 0.23333333333333334 0.03046875 0.05555555555555555 
0 0.578125 0.3104166666666667 0.046875 0.0875 
0 0.227734375 0.22916666666666666 0.04296875 0.05 
0 0.596484375 0.28888888888888886 0.01953125 0.07222222222222222 
0 0.2734375 0.18333333333333332 0.01875 0.03333333333333333 
0 0.14375 0.36458333333333337 0.0234375 0.05138888888888889 
0 0.159765625 0.3659722222222222 0.02265625 0.043055555555555555 
0 0.495703125 0.5243055555555556 0.02890625 0.04583333333333333