0 0.5015625 0.5423611111111111 0.034375 0.06805555555555555 
0 0.720703125 0.8076388888888889 0.04765625 0.07083333333333333 
0 0.681640625 0.6819444444444445 0.03828125 0.06944444444444445 
0 0.31953125 0.2777777777777778 0.0390625 0.06666666666666667 
0 0.5484375 0.2965277777777778 0.034375 0.059722222222222225 
0 0.5140625 0.1451388888888889 0.0359375 0.04861111111111111 
0 0.49375 0.16180555555555556 0.03125 0.04583333333333333 
0 0.6703125 0.3013888888888889 0.04375 0.06944444444444445 
0 0.4171875 0.2604166666666667 0.0203125 0.034722222222222224 
0 0.282421875 0.15763888888888888 0.02578125 0.034722222222222224 
0 0.31484375 0.5291666666666667 0.021875 0.041666666666666664 
0 0.54453125 0.16180555555555556 0.0359375 0.043055555555555555 
0 0.8199218749999999 0.17916666666666667 0.04453125 0.058333333333333334 
0 0.2421875 0.18055555555555555 0.03125 0.04722222222222222 
0 0.5089843749999999 0.5847222222222223 0.02109375 0.058333333333333334