0 0.3984375 0.26319444444444445 0.0296875 0.05694444444444444 
0 0.264453125 0.5770833333333333 0.04453125 0.07361111111111111 
0 0.5269531249999999 0.7444444444444444 0.04453125 0.08888888888888889 
0 0.49375 0.5006944444444444 0.0421875 0.0625 
0 0.46328125 0.5138888888888888 0.0375 0.06388888888888888 
0 0.4609375 0.5722222222222222 0.0375 0.05555555555555555 
0 0.694921875 0.7944444444444444 0.05390625 0.07777777777777778 
0 0.359375 0.7506944444444444 0.0296875 0.0625 
0 0.23125 0.41874999999999996 0.03125 0.04583333333333333 
0 0.53125 0.5430555555555555 0.0453125 0.06666666666666667 
0 0.888671875 0.642361111111111 0.05234375 0.07916666666666666 
0 0.18242187499999998 0.44513888888888886 0.03046875 0.043055555555555555 
0 0.363671875 0.22083333333333333 0.02734375 0.03888888888888889