0 0.48046875 0.49722222222222223 0.040625 0.06388888888888888 
0 0.4875 0.6673611111111111 0.0390625 0.0625 
0 0.56015625 0.6819444444444445 0.0515625 0.07777777777777778 
0 0.512890625 0.7222222222222222 0.03984375 0.07222222222222222 
0 0.755078125 0.24444444444444444 0.04140625 0.06666666666666667 
0 0.85703125 0.14652777777777778 0.0453125 0.06527777777777778 
0 0.8167968750000001 0.2895833333333333 0.05703125 0.07916666666666666 
0 0.369921875 0.6944444444444444 0.04296875 0.06388888888888888 
0 0.39609375 0.6993055555555556 0.034375 0.04027777777777778 
0 0.684375 0.2861111111111111 0.0484375 0.07777777777777778 
0 0.274609375 0.3798611111111111 0.04765625 0.06527777777777778 
0 0.9093749999999999 0.6770833333333333 0.0484375 0.08472222222222223 
0 0.78203125 0.6013888888888889 0.0484375 0.07222222222222222 
0 0.5546875 0.9249999999999999 0.04375 0.06944444444444445 
0 0.5597656249999999 0.775 0.05234375 0.06944444444444445