0 0.37109375 0.1798611111111111 0.0296875 0.05694444444444444 
0 0.2234375 0.5208333333333334 0.0484375 0.07222222222222222 
0 0.487890625 0.7763888888888888 0.04453125 0.08888888888888889 
0 0.46132812500000003 0.49236111111111114 0.04453125 0.08194444444444444 
0 0.42890625 0.5083333333333333 0.0453125 0.07777777777777778 
0 0.42890625 0.5715277777777777 0.053125 0.08472222222222223 
0 0.6625 0.8430555555555556 0.0640625 0.1 
0 0.30898437500000003 0.7930555555555555 0.03046875 0.06666666666666667 
0 0.2671875 0.5944444444444444 0.0328125 0.05555555555555555 
0 0.185546875 0.34444444444444444 0.03828125 0.05 
0 0.4984375 0.5451388888888888 0.0546875 0.07916666666666666 
0 0.873046875 0.704861111111111 0.05546875 0.07916666666666666 
0 0.131640625 0.36319444444444443 0.03046875 0.043055555555555555 
0 0.333984375 0.13333333333333333 0.02734375 0.044444444444444446