0 0.475390625 0.5791666666666666 0.03515625 0.06944444444444445 
0 0.6941406250000001 0.861111111111111 0.04921875 0.09166666666666666 
0 0.659765625 0.7347222222222222 0.03828125 0.06944444444444445 
0 0.29453125 0.25069444444444444 0.0421875 0.07083333333333333 
0 0.53515625 0.31875 0.0375 0.06527777777777778 
0 0.5015625 0.13472222222222222 0.0375 0.05 
0 0.47734375 0.15347222222222223 0.03125 0.04583333333333333 
0 0.667578125 0.34305555555555556 0.04609375 0.06944444444444445 
0 0.397265625 0.29305555555555557 0.02109375 0.03611111111111111 
0 0.25937499999999997 0.11458333333333334 0.028125 0.0375 
0 0.275390625 0.5625 0.02578125 0.05 
0 0.533203125 0.1625 0.03671875 0.04722222222222222 
0 0.826171875 0.22222222222222224 0.04453125 0.058333333333333334 
0 0.212109375 0.13402777777777777 0.03046875 0.043055555555555555 
0 0.484375 0.6326388888888889 0.0234375 0.059722222222222225