0 0.4875 0.5013888888888889 0.04375 0.06944444444444445 
0 0.49609375 0.6743055555555556 0.0453125 0.06527777777777778 
0 0.570703125 0.6895833333333333 0.05234375 0.08194444444444444 
0 0.521484375 0.7305555555555555 0.03984375 0.07222222222222222 
0 0.7683593750000001 0.24166666666666667 0.04140625 0.06666666666666667 
0 0.875390625 0.1388888888888889 0.04765625 0.06944444444444445 
0 0.833984375 0.2888888888888889 0.05859375 0.08055555555555556 
0 0.378515625 0.7090277777777778 0.04296875 0.06527777777777778 
0 0.40546875000000004 0.7111111111111111 0.034375 0.041666666666666664 
0 0.696484375 0.2861111111111111 0.04921875 0.08055555555555556 
0 0.279296875 0.3833333333333333 0.04765625 0.06666666666666667 
0 0.9296875 0.6881944444444444 0.0484375 0.08472222222222223 
0 0.79453125 0.6027777777777777 0.053125 0.075 
0 0.5906250000000001 0.8138888888888889 0.0375 0.041666666666666664 
0 0.56484375 0.9458333333333333 0.040625 0.07222222222222222 
0 0.5703125 0.7861111111111111 0.053125 0.07222222222222222