0 0.475390625 0.6180555555555556 0.03515625 0.06944444444444445 
0 0.69921875 0.9145833333333334 0.053125 0.09861111111111111 
0 0.662109375 0.7791666666666667 0.03828125 0.06944444444444445 
0 0.2953125 0.2743055555555555 0.04375 0.07361111111111111 
0 0.5359375 0.34791666666666665 0.0390625 0.06805555555555555 
0 0.50234375 0.16805555555555554 0.0375 0.05 
0 0.478125 0.17847222222222223 0.03125 0.04583333333333333 
0 0.4828125 0.22152777777777777 0.028125 0.03194444444444444 
0 0.672265625 0.3763888888888889 0.04765625 0.06944444444444445 
0 0.3953125 0.32361111111111107 0.021875 0.03888888888888889 
0 0.26015625 0.1326388888888889 0.0296875 0.04027777777777778 
0 0.272265625 0.5986111111111111 0.02734375 0.05555555555555555 
0 0.5359375000000001 0.19166666666666665 0.0375 0.05 
0 0.836328125 0.26666666666666666 0.04453125 0.058333333333333334 
0 0.215234375 0.16041666666666668 0.03046875 0.043055555555555555 
0 0.48359375 0.6694444444444444 0.025 0.06111111111111111