0 0.39609374999999997 0.24930555555555556 0.0296875 0.05694444444444444 
0 0.265234375 0.5652777777777778 0.04453125 0.075 
0 0.525390625 0.7236111111111111 0.04453125 0.08888888888888889 
0 0.49140625000000004 0.48680555555555555 0.0421875 0.059722222222222225 
0 0.461328125 0.4965277777777778 0.03515625 0.0625 
0 0.4609375 0.5569444444444445 0.0375 0.05555555555555555 
0 0.694140625 0.7743055555555556 0.05078125 0.0625 
0 0.36171875 0.7409722222222223 0.0296875 0.0625 
0 0.23046875 0.40902777777777777 0.03125 0.04583333333333333 
0 0.5296875000000001 0.5263888888888889 0.0453125 0.06666666666666667 
0 0.88359375 0.6284722222222222 0.0484375 0.06805555555555555 
0 0.183203125 0.4395833333333333 0.03046875 0.043055555555555555 
0 0.363671875 0.2097222222222222 0.02734375 0.03888888888888889