0 0.87109375 0.3972222222222222 0.0546875 0.07222222222222222 
0 0.282421875 0.43680555555555556 0.01640625 0.03194444444444444 
0 0.47578125 0.08333333333333333 0.0234375 0.044444444444444446 
0 0.51015625 0.175 0.0328125 0.06388888888888888 
0 0.551953125 0.2513888888888889 0.04609375 0.08611111111111111 
0 0.222265625 0.1763888888888889 0.03984375 0.04722222222222222 
0 0.5695312499999999 0.22777777777777777 0.0171875 0.06111111111111111 
0 0.267578125 0.13680555555555557 0.01953125 0.043055555555555555 
0 0.139453125 0.29583333333333334 0.01953125 0.044444444444444446 
0 0.159765625 0.33958333333333335 0.01953125 0.0375 
0 0.47265625 0.4493055555555555 0.0234375 0.04027777777777778