0 0.30624999999999997 0.3055555555555555 0.028125 0.03611111111111111 
0 0.221875 0.8798611111111112 0.01875 0.034722222222222224 
0 0.466796875 0.46527777777777773 0.03515625 0.075 
0 0.512109375 0.6076388888888888 0.03359375 0.059722222222222225 
0 0.168359375 0.37569444444444444 0.02734375 0.04027777777777778 
0 0.3 0.33055555555555555 0.03125 0.05555555555555555 
0 0.5625 0.7166666666666667 0.0515625 0.09722222222222222 
0 0.149609375 0.5027777777777778 0.05078125 0.06666666666666667 
0 0.587109375 0.6715277777777777 0.03046875 0.08194444444444444 
0 0.209375 0.4388888888888889 0.0203125 0.03888888888888889 
0 0.037890625 0.6652777777777777 0.02734375 0.05555555555555555 
0 0.060546875 0.7388888888888889 0.02421875 0.044444444444444446 
0 0.4609375 0.9305555555555556 0.028125 0.05277777777777778