0 0.475390625 0.5986111111111111 0.03515625 0.06944444444444445 
0 0.69765625 0.8902777777777777 0.05 0.08888888888888889 
0 0.661328125 0.7569444444444444 0.03828125 0.06944444444444445 
0 0.294921875 0.2625 0.04296875 0.07222222222222222 
0 0.535546875 0.3333333333333333 0.03828125 0.06666666666666667 
0 0.50234375 0.15138888888888888 0.0375 0.05 
0 0.47734375 0.16597222222222222 0.03125 0.04583333333333333 
0 0.6703125 0.3597222222222222 0.046875 0.06944444444444445 
0 0.395703125 0.3090277777777778 0.02109375 0.0375 
0 0.259765625 0.12361111111111112 0.02890625 0.03888888888888889 
0 0.27421875 0.5805555555555556 0.0265625 0.05277777777777778 
0 0.534375 0.17708333333333334 0.0375 0.04861111111111111 
0 0.8316406249999999 0.24444444444444446 0.04453125 0.058333333333333334 
0 0.21367187499999998 0.14652777777777778 0.03046875 0.043055555555555555 
0 0.48398437499999997 0.6506944444444445 0.02421875 0.059722222222222225