0 0.29296875 0.4125 0.0296875 0.03888888888888889 
0 0.10312500000000001 0.49027777777777776 0.053125 0.075 
0 0.460546875 0.6006944444444444 0.03828125 0.07916666666666666 
0 0.5066406250000001 0.7590277777777777 0.03359375 0.059722222222222225 
0 0.150390625 0.48819444444444443 0.02890625 0.043055555555555555 
0 0.285546875 0.4465277777777778 0.03359375 0.05416666666666667 
0 0.560546875 0.8881944444444445 0.05234375 0.10138888888888889 
0 0.1265625 0.6194444444444445 0.059375 0.07777777777777778 
0 0.582421875 0.83125 0.03046875 0.09305555555555556 
0 0.190625 0.5479166666666667 0.0234375 0.04583333333333333 
0 0.021484375 0.8868055555555556 0.02890625 0.05416666666666667