0 0.390234375 0.21527777777777776 0.03515625 0.05277777777777778 
0 0.218359375 0.5847222222222223 0.05390625 0.07222222222222222 
0 0.49921875 0.9562499999999999 0.0515625 0.08472222222222223 
0 0.473828125 0.6166666666666667 0.06015625 0.1 
0 0.4375 0.6256944444444444 0.0546875 0.09027777777777778 
0 0.42929687499999997 0.7131944444444445 0.05546875 0.10138888888888889 
0 0.28867187499999997 0.9805555555555556 0.03203125 0.03611111111111111 
0 0.25859375 0.6979166666666666 0.034375 0.08194444444444444 
0 0.18515625 0.3875 0.0375 0.058333333333333334 
0 0.5125 0.6965277777777779 0.065625 0.10138888888888889 
0 0.960546875 0.9534722222222222 0.06328125 0.09027777777777778 
0 0.130859375 0.41180555555555554 0.03046875 0.043055555555555555 
0 0.348046875 0.15763888888888888 0.02734375 0.04583333333333333 
0 0.5796874999999999 0.6590277777777778 0.0640625 0.05416666666666667