0 0.981640625 0.6451388888888888 0.03515625 0.07916666666666666 
0 0.30625 0.6527777777777778 0.01875 0.03333333333333333 
0 0.50546875 0.25555555555555554 0.025 0.05277777777777778 
0 0.550390625 0.3611111111111111 0.03203125 0.05555555555555555 
0 0.247265625 0.2652777777777778 0.02265625 0.03333333333333333 
0 0.5984375 0.4395833333333333 0.046875 0.0875 
0 0.23828125 0.36388888888888893 0.040625 0.05 
0 0.615234375 0.4097222222222222 0.01953125 0.07222222222222222 
0 0.2828125 0.30972222222222223 0.01875 0.03333333333333333 
0 0.1515625 0.5048611111111111 0.0234375 0.05138888888888889 
0 0.172265625 0.5555555555555556 0.02265625 0.04722222222222222 
0 0.517578125 0.6638888888888889 0.02734375 0.04722222222222222