0 0.30937499999999996 0.28888888888888886 0.028125 0.03611111111111111 
0 0.2265625 0.8590277777777778 0.01875 0.034722222222222224 
0 0.46796875000000004 0.44652777777777775 0.034375 0.07361111111111111 
0 0.512109375 0.5854166666666667 0.03359375 0.059722222222222225 
0 0.1703125 0.36041666666666666 0.025 0.0375 
0 0.302734375 0.31527777777777777 0.03046875 0.05277777777777778 
0 0.564453125 0.6937500000000001 0.05078125 0.09583333333333334 
0 0.15390625 0.4861111111111111 0.0515625 0.06944444444444445 
0 0.5886718750000001 0.6465277777777777 0.03046875 0.08194444444444444 
0 0.2125 0.4236111111111111 0.0203125 0.03888888888888889 
0 0.042578125 0.6472222222222223 0.02734375 0.05555555555555555 
0 0.067578125 0.7194444444444444 0.02421875 0.044444444444444446 
0 0.463671875 0.9083333333333333 0.02734375 0.05