0 0.415234375 0.48055555555555557 0.04296875 0.05555555555555555 
0 0.41367187499999997 0.6430555555555556 0.03984375 0.058333333333333334 
0 0.48046875 0.6527777777777778 0.0453125 0.06111111111111111 
0 0.669140625 0.28402777777777777 0.03515625 0.05694444444444444 
0 0.754296875 0.21597222222222223 0.03515625 0.04861111111111111 
0 0.720703125 0.3236111111111111 0.04609375 0.058333333333333334 
0 0.30351562499999996 0.6534722222222222 0.03984375 0.05416666666666667 
0 0.33515625 0.6541666666666666 0.025 0.030555555555555555 
0 0.608203125 0.3173611111111111 0.03984375 0.0625 
0 0.226171875 0.3451388888888889 0.04140625 0.05138888888888889 
0 0.78359375 0.6305555555555555 0.0421875 0.06666666666666667 
0 0.43671875 0.6875 0.0359375 0.06388888888888888 
0 0.6843750000000001 0.6041666666666666 0.0453125 0.05555555555555555 
0 0.46875 0.8326388888888889 0.046875 0.06805555555555555 
0 0.47578125000000004 0.7201388888888889 0.0421875 0.05416666666666667