0 0.39453125 0.9347222222222222 0.0234375 0.05277777777777778 
0 0.509765625 0.27291666666666664 0.03203125 0.05416666666666667 
0 0.710546875 0.5118055555555556 0.04296875 0.06527777777777778 
0 0.676953125 0.40555555555555556 0.03828125 0.06111111111111111 
0 0.6011718749999999 0.7145833333333333 0.04453125 0.0763888888888889 
0 0.511328125 0.73125 0.04453125 0.0763888888888889 
0 0.337109375 0.09999999999999999 0.03359375 0.05555555555555555 
0 0.55078125 0.07291666666666666 0.0296875 0.05416666666666667 
0 0.665625 0.07083333333333333 0.04375 0.06944444444444445 
0 0.43671875 0.04097222222222222 0.0203125 0.034722222222222224 
0 0.5496093750000001 0.7979166666666667 0.03359375 0.0625 
0 0.528125 0.8277777777777777 0.04375 0.08055555555555556 
0 0.34414062500000003 0.2652777777777778 0.02109375 0.03611111111111111 
0 0.5191406249999999 0.31875000000000003 0.02109375 0.05694444444444444 
0 0.180859375 0.9125 0.03359375 0.05555555555555555 
0 0.866796875 0.69375 0.03984375 0.05416666666666667 
0 0.8800781249999999 0.670138888888889 0.03984375 0.043055555555555555