0 0.387890625 0.2625 0.03515625 0.05555555555555555 
0 0.211328125 0.6437499999999999 0.05390625 0.0763888888888889 
0 0.473046875 0.6826388888888889 0.06484375 0.10416666666666667 
0 0.43515625 0.6944444444444444 0.0546875 0.09444444444444444 
0 0.427734375 0.7847222222222222 0.05546875 0.10833333333333334 
0 0.25234375 0.7638888888888888 0.0359375 0.09166666666666666 
0 0.17812499999999998 0.4388888888888889 0.0375 0.058333333333333334 
0 0.514453125 0.7715277777777778 0.06796875 0.10972222222222222 
0 0.12148437499999999 0.4659722222222222 0.03046875 0.043055555555555555 
0 0.344921875 0.20347222222222222 0.02734375 0.04583333333333333 
0 0.58046875 0.732638888888889 0.0640625 0.05416666666666667