0 0.470703125 0.6784722222222223 0.03671875 0.07361111111111111 
0 0.7027343749999999 0.9645833333333333 0.05234375 0.06805555555555555 
0 0.66328125 0.8270833333333333 0.0421875 0.07916666666666666 
0 0.287109375 0.2909722222222222 0.04453125 0.0763888888888889 
0 0.5328124999999999 0.38055555555555554 0.040625 0.06944444444444445 
0 0.50390625 0.18888888888888888 0.0375 0.05 
0 0.478125 0.20208333333333334 0.03125 0.04583333333333333 
0 0.4765625 0.24722222222222223 0.028125 0.03333333333333333 
0 0.6749999999999999 0.4236111111111111 0.0515625 0.075 
0 0.38515625 0.37013888888888885 0.021875 0.04027777777777778 
0 0.2515625 0.14305555555555555 0.03125 0.041666666666666664 
0 0.258203125 0.6520833333333333 0.03515625 0.0625 
0 0.536328125 0.2222222222222222 0.03828125 0.05277777777777778 
0 0.848046875 0.3055555555555556 0.04453125 0.058333333333333334 
0 0.210546875 0.16041666666666668 0.03046875 0.043055555555555555 
0 0.4140625 0.016666666666666666 0.021875 0.03333333333333333 
0 0.478515625 0.7243055555555555 0.02734375 0.0625