0 0.490234375 0.5458333333333333 0.03515625 0.06944444444444445 
0 0.709375 0.8166666666666667 0.046875 0.07222222222222222 
0 0.673046875 0.6819444444444445 0.03828125 0.06944444444444445 
0 0.31015625 0.25972222222222224 0.040625 0.06666666666666667 
0 0.539453125 0.29444444444444445 0.03515625 0.06111111111111111 
0 0.50703125 0.13472222222222222 0.0375 0.05 
0 0.48671875 0.14930555555555555 0.03125 0.04583333333333333 
0 0.66796875 0.30833333333333335 0.04375 0.06944444444444445 
0 0.41015625 0.26875 0.0203125 0.034722222222222224 
0 0.27304687499999997 0.1326388888888889 0.02578125 0.034722222222222224 
0 0.30078125 0.5284722222222222 0.0234375 0.043055555555555555 
0 0.5390625 0.15069444444444446 0.0359375 0.043055555555555555 
0 0.8175781249999999 0.17777777777777778 0.04453125 0.058333333333333334 
0 0.23046875 0.15555555555555556 0.03125 0.04722222222222222 
0 0.499609375 0.5888888888888889 0.02109375 0.058333333333333334