0 0.3953125 0.14375000000000002 0.0296875 0.05694444444444444 
0 0.4484375 0.8951388888888888 0.0375 0.0763888888888889 
0 0.264453125 0.4340277777777778 0.04453125 0.0763888888888889 
0 0.52109375 0.5743055555555555 0.0421875 0.07916666666666666 
0 0.48750000000000004 0.3486111111111111 0.0421875 0.058333333333333334 
0 0.45585937499999996 0.3590277777777778 0.03203125 0.05416666666666667 
0 0.45703125 0.4048611111111111 0.028125 0.043055555555555555 
0 0.673828125 0.6124999999999999 0.05859375 0.07777777777777778 
0 0.35859375000000004 0.5645833333333333 0.0265625 0.04861111111111111 
0 0.2296875 0.2770833333333333 0.03125 0.04583333333333333 
0 0.21484375 0.8763888888888889 0.0375 0.06111111111111111 
0 0.521875 0.3875 0.0421875 0.06388888888888888 
0 0.854296875 0.4909722222222222 0.04453125 0.07083333333333333 
0 0.180859375 0.3034722222222222 0.03046875 0.043055555555555555 
0 0.36484375 0.09305555555555556 0.0265625 0.04722222222222222 
0 0.459765625 0.9493055555555555 0.02734375 0.0625