0 0.378515625 0.39166666666666666 0.03515625 0.05555555555555555 
0 0.187890625 0.8069444444444444 0.06015625 0.08611111111111111 
0 0.466015625 0.882638888888889 0.06484375 0.10416666666666667 
0 0.42578125 0.8972222222222221 0.0546875 0.09444444444444444 
0 0.422265625 0.9638888888888889 0.05546875 0.06944444444444445 
0 0.23046875 0.95 0.0359375 0.09166666666666666 
0 0.15546875 0.5833333333333334 0.0421875 0.06388888888888888 
0 0.514453125 0.9611111111111111 0.06796875 0.075 
0 0.09765625 0.6138888888888889 0.03125 0.04722222222222222 
0 0.335546875 0.33402777777777776 0.02734375 0.04583333333333333 
0 0.5906250000000001 0.9354166666666667 0.06875 0.06805555555555555