0 0.42656249999999996 0.4951388888888889 0.04375 0.05694444444444444 
0 0.4265625 0.6590277777777778 0.040625 0.059722222222222225 
0 0.49375 0.673611111111111 0.05 0.06944444444444445 
0 0.68515625 0.2902777777777778 0.0359375 0.058333333333333334 
0 0.7734375 0.21736111111111112 0.0359375 0.05138888888888889 
0 0.737109375 0.3368055555555555 0.04765625 0.06527777777777778 
0 0.315234375 0.6680555555555555 0.04140625 0.06388888888888888 
0 0.33828125 0.6798611111111111 0.028125 0.0375 
0 0.62109375 0.32569444444444445 0.040625 0.06527777777777778 
0 0.234765625 0.36319444444444443 0.04765625 0.06527777777777778 
0 0.8046875 0.6590277777777778 0.04375 0.07083333333333333 
0 0.4484375 0.70625 0.040625 0.05694444444444444 
0 0.69921875 0.6215277777777778 0.046875 0.059722222222222225 
0 0.4796875 0.8618055555555555 0.0515625 0.0763888888888889 
0 0.488671875 0.7444444444444445 0.04296875 0.058333333333333334