0 0.51171875 0.6375 0.0453125 0.08611111111111111 
0 0.52109375 0.8138888888888889 0.0453125 0.07222222222222222 
0 0.6039062500000001 0.8465277777777778 0.053125 0.08194444444444444 
0 0.55078125 0.8868055555555555 0.05 0.07916666666666666 
0 0.826171875 0.3298611111111111 0.04453125 0.07083333333333333 
0 0.955859375 0.20416666666666666 0.05234375 0.09166666666666666 
0 0.9078125 0.3840277777777778 0.059375 0.08194444444444444 
0 0.398828125 0.85625 0.04921875 0.07361111111111111 
0 0.4296875 0.8631944444444445 0.0375 0.04861111111111111 
0 0.739453125 0.37083333333333335 0.04921875 0.08055555555555556 
0 0.28046875000000004 0.5083333333333333 0.05 0.08333333333333333 
0 0.857421875 0.7402777777777777 0.05546875 0.08611111111111111 
0 0.366015625 0.058333333333333334 0.04296875 0.06388888888888888 
0 0.32109375 0.05555555555555555 0.0328125 0.03888888888888889 
0 0.603125 0.9694444444444444 0.053125 0.058333333333333334 
0 0.453515625 0.06666666666666667 0.02734375 0.05