0 0.8953125000000001 0.3993055555555556 0.0734375 0.08194444444444444 
0 0.278515625 0.42430555555555555 0.01640625 0.03194444444444444 
0 0.4796875 0.06597222222222222 0.0234375 0.05138888888888889 
0 0.51484375 0.15416666666666667 0.0296875 0.058333333333333334 
0 0.559375 0.2409722222222222 0.046875 0.0875 
0 0.2140625 0.14722222222222223 0.0421875 0.05555555555555555 
0 0.5789062500000001 0.2138888888888889 0.01875 0.06944444444444445 
0 0.26171875 0.10555555555555556 0.0203125 0.03888888888888889 
0 0.12890625 0.2708333333333333 0.0265625 0.06111111111111111 
0 0.151171875 0.32152777777777775 0.01953125 0.0375 
0 0.47578125000000004 0.4395833333333333 0.0265625 0.04583333333333333