0 0.475390625 0.6375 0.03515625 0.06944444444444445 
0 0.701171875 0.9381944444444444 0.05703125 0.10694444444444444 
0 0.6625 0.7909722222222222 0.0390625 0.07083333333333333 
0 0.295703125 0.28541666666666665 0.04453125 0.0763888888888889 
0 0.5367187499999999 0.3625 0.040625 0.06944444444444445 
0 0.503125 0.18055555555555555 0.0375 0.05 
0 0.4796875 0.18958333333333333 0.03125 0.04583333333333333 
0 0.48124999999999996 0.22847222222222222 0.028125 0.03194444444444444 
0 0.675390625 0.39305555555555555 0.04921875 0.06944444444444445 
0 0.39453125 0.3381944444444444 0.021875 0.04027777777777778 
0 0.2609375 0.14305555555555555 0.03125 0.041666666666666664 
0 0.27031249999999996 0.6152777777777778 0.028125 0.058333333333333334 
0 0.5378906250000001 0.20694444444444443 0.03828125 0.05277777777777778 
0 0.8394531249999999 0.2763888888888889 0.04453125 0.058333333333333334 
0 0.214453125 0.16180555555555556 0.03046875 0.043055555555555555 
0 0.48359375000000004 0.6881944444444444 0.0265625 0.0625