0 0.396875 0.1965277777777778 0.0296875 0.05694444444444444 
0 0.4515625 0.9722222222222222 0.0375 0.05277777777777778 
0 0.265234375 0.5034722222222222 0.04453125 0.0763888888888889 
0 0.5230468749999999 0.6597222222222222 0.04453125 0.08888888888888889 
0 0.48984375 0.4222222222222222 0.0421875 0.058333333333333334 
0 0.45937500000000003 0.43125 0.0328125 0.059722222222222225 
0 0.45859375 0.47500000000000003 0.0328125 0.05 
0 0.679296875 0.6930555555555555 0.05859375 0.07777777777777778 
0 0.36015624999999996 0.64375 0.028125 0.05416666666666667 
0 0.228125 0.3395833333333333 0.03125 0.04583333333333333 
0 0.21015625 0.9694444444444444 0.0375 0.058333333333333334 
0 0.525 0.4638888888888889 0.0453125 0.06666666666666667 
0 0.869921875 0.5625 0.04453125 0.058333333333333334 
0 0.183203125 0.37013888888888885 0.03046875 0.043055555555555555 
0 0.365625 0.15833333333333333 0.03125 0.05