0 0.49453125 0.5333333333333333 0.046875 0.07222222222222222 
0 0.503125 0.7041666666666667 0.04375 0.06111111111111111 
0 0.580859375 0.7236111111111112 0.05234375 0.09444444444444444 
0 0.5296875 0.767361111111111 0.04375 0.0763888888888889 
0 0.7855468750000001 0.2625 0.04140625 0.06666666666666667 
0 0.898046875 0.15208333333333335 0.04921875 0.0763888888888889 
0 0.853515625 0.3111111111111111 0.05859375 0.08055555555555556 
0 0.38359374999999996 0.7479166666666667 0.04375 0.07083333333333333 
0 0.416015625 0.7458333333333333 0.03515625 0.041666666666666664 
0 0.7097656250000001 0.30694444444444446 0.04921875 0.08055555555555556 
0 0.28203125 0.40902777777777777 0.0484375 0.07083333333333333 
0 0.955078125 0.7381944444444445 0.05546875 0.10694444444444444 
0 0.8109375 0.6333333333333333 0.0515625 0.07777777777777778 
0 0.6000000000000001 0.8638888888888889 0.0375 0.041666666666666664 
0 0.3625 0.02986111111111111 0.0375 0.043055555555555555 
0 0.318359375 0.02361111111111111 0.03203125 0.03333333333333333 
0 0.572265625 0.9784722222222223 0.04453125 0.04027777777777778 
0 0.58046875 0.8319444444444444 0.0515625 0.07777777777777778