0 0.31171875 0.2791666666666667 0.028125 0.03611111111111111 
0 0.23203125 0.8381944444444445 0.01875 0.034722222222222224 
0 0.469921875 0.4270833333333333 0.03359375 0.07083333333333333 
0 0.515234375 0.56875 0.03359375 0.059722222222222225 
0 0.1734375 0.3451388888888889 0.0234375 0.034722222222222224 
0 0.30624999999999997 0.30486111111111114 0.0296875 0.05138888888888889 
0 0.565625 0.6708333333333334 0.05 0.09444444444444444 
0 0.1578125 0.4708333333333333 0.05 0.06388888888888888 
0 0.589453125 0.6229166666666667 0.03046875 0.08194444444444444 
0 0.21640625 0.41388888888888886 0.0203125 0.03888888888888889 
0 0.049609375 0.6361111111111111 0.02734375 0.05555555555555555 
0 0.07382812500000001 0.6986111111111112 0.02421875 0.044444444444444446 
0 0.46640625 0.8854166666666667 0.0265625 0.04861111111111111