0 0.486328125 0.5458333333333333 0.03515625 0.06944444444444445 
0 0.70390625 0.8201388888888889 0.046875 0.0763888888888889 
0 0.668359375 0.6847222222222222 0.03828125 0.06944444444444445 
0 0.3046875 0.25 0.040625 0.06666666666666667 
0 0.537890625 0.29305555555555557 0.03515625 0.06111111111111111 
0 0.50625 0.12916666666666668 0.0375 0.05 
0 0.4828125 0.1423611111111111 0.03125 0.04583333333333333 
0 0.66640625 0.30833333333333335 0.04375 0.06944444444444445 
0 0.40625 0.2673611111111111 0.0203125 0.034722222222222224 
0 0.268359375 0.12013888888888888 0.02578125 0.034722222222222224 
0 0.29296875 0.5284722222222222 0.0234375 0.043055555555555555 
0 0.5359375 0.1451388888888889 0.0359375 0.043055555555555555 
0 0.8160156249999999 0.1763888888888889 0.04453125 0.058333333333333334 
0 0.22421875 0.14027777777777778 0.03125 0.04722222222222222 
0 0.494140625 0.5916666666666667 0.02109375 0.058333333333333334