0 0.98203125 0.5881944444444445 0.0546875 0.07916666666666666 
0 0.3015625 0.5972222222222223 0.0171875 0.03333333333333333 
0 0.5015625 0.20555555555555555 0.025 0.05277777777777778 
0 0.542578125 0.3111111111111111 0.03203125 0.05555555555555555 
0 0.58984375 0.38819444444444445 0.046875 0.0875 
0 0.23515624999999998 0.3104166666666667 0.0421875 0.05138888888888889 
0 0.607421875 0.35833333333333334 0.01953125 0.07222222222222222 
0 0.27968750000000003 0.2625 0.01875 0.03333333333333333 
0 0.1484375 0.4479166666666667 0.0234375 0.05138888888888889 
0 0.169140625 0.5013888888888889 0.02265625 0.04722222222222222 
0 0.506640625 0.6090277777777778 0.02890625 0.04583333333333333