0 0.88046875 0.3923611111111111 0.053125 0.07361111111111111 
0 0.278515625 0.4215277777777778 0.01640625 0.03194444444444444 
0 0.47421875 0.061111111111111116 0.0234375 0.044444444444444446 
0 0.51015625 0.15694444444444444 0.0328125 0.06388888888888888 
0 0.5515625 0.23680555555555555 0.046875 0.0875 
0 0.21601562500000002 0.15347222222222223 0.04453125 0.04861111111111111 
0 0.5707031250000001 0.2111111111111111 0.01796875 0.06388888888888888 
0 0.26328125 0.11597222222222223 0.0171875 0.04027777777777778 
0 0.131640625 0.275 0.02265625 0.05 
0 0.154296875 0.3284722222222222 0.01953125 0.0375 
0 0.47226562499999997 0.44166666666666665 0.02421875 0.041666666666666664