0 0.507421875 0.5222222222222223 0.03359375 0.06666666666666667 
0 0.726171875 0.7756944444444444 0.05078125 0.08472222222222223 
0 0.688671875 0.6555555555555556 0.03828125 0.06944444444444445 
0 0.32578124999999997 0.26944444444444443 0.0375 0.06666666666666667 
0 0.550390625 0.27569444444444446 0.03203125 0.05694444444444444 
0 0.515234375 0.1298611111111111 0.03515625 0.04583333333333333 
0 0.49453125 0.14652777777777778 0.03125 0.04583333333333333 
0 0.6703125 0.2847222222222222 0.04375 0.06944444444444445 
0 0.425 0.2520833333333333 0.0203125 0.034722222222222224 
0 0.286328125 0.14930555555555555 0.02578125 0.034722222222222224 
0 0.31953125 0.5055555555555555 0.021875 0.041666666666666664 
0 0.5460937499999999 0.14375 0.0359375 0.043055555555555555 
0 0.823828125 0.1576388888888889 0.04609375 0.05694444444444444 
0 0.25078125 0.18125 0.01875 0.029166666666666667 
0 0.516015625 0.5666666666666667 0.02109375 0.058333333333333334