0 0.34296875 0.23472222222222222 0.028125 0.03611111111111111 
0 0.284765625 0.7659722222222223 0.01953125 0.034722222222222224 
0 0.498046875 0.35 0.03046875 0.06111111111111111 
0 0.5453125 0.4743055555555556 0.0328125 0.05694444444444444 
0 0.21875 0.3173611111111111 0.0234375 0.034722222222222224 
0 0.33749999999999997 0.2638888888888889 0.028125 0.05 
0 0.597265625 0.5687500000000001 0.04921875 0.09305555555555556 
0 0.20703125 0.43125 0.0421875 0.059722222222222225 
0 0.619140625 0.5298611111111111 0.03046875 0.08194444444444444 
0 0.25703125 0.37430555555555556 0.01875 0.034722222222222224 
0 0.11484375 0.59375 0.0234375 0.05138888888888889 
0 0.13671875 0.6513888888888889 0.0203125 0.03611111111111111 
0 0.508203125 0.7868055555555555 0.02890625 0.043055555555555555