0 0.432421875 0.9256944444444445 0.05234375 0.09861111111111111 
0 0.7890625 0.5847222222222221 0.0546875 0.08333333333333333 
0 0.9152343749999999 0.4597222222222222 0.05234375 0.09166666666666666 
0 0.86953125 0.670138888888889 0.0671875 0.10972222222222222 
0 0.6945312499999999 0.6145833333333334 0.0515625 0.10138888888888889 
0 0.16015625 0.7729166666666667 0.0671875 0.1125 
0 0.803125 0.9777777777777779 0.0703125 0.03888888888888889 
0 0.278125 0.17291666666666666 0.046875 0.07361111111111111 
0 0.225390625 0.16805555555555554 0.03984375 0.05277777777777778 
0 0.367578125 0.20069444444444445 0.03203125 0.06527777777777778 
0 0.375 0.029166666666666667 0.0203125 0.027777777777777776