0 0.396875 0.23680555555555557 0.0296875 0.05694444444444444 
0 0.265234375 0.5520833333333333 0.04453125 0.0763888888888889 
0 0.5246093749999999 0.7041666666666666 0.04453125 0.08888888888888889 
0 0.4890625 0.4736111111111111 0.0421875 0.058333333333333334 
0 0.45937500000000003 0.47847222222222224 0.0328125 0.059722222222222225 
0 0.4609375 0.5430555555555555 0.0375 0.05555555555555555 
0 0.690234375 0.7513888888888889 0.05234375 0.06388888888888888 
0 0.361328125 0.7118055555555556 0.02890625 0.059722222222222225 
0 0.22890625 0.3895833333333333 0.03125 0.04583333333333333 
0 0.5281250000000001 0.5111111111111112 0.0453125 0.06666666666666667 
0 0.8785156249999999 0.6138888888888889 0.04453125 0.058333333333333334 
0 0.183984375 0.41874999999999996 0.03046875 0.043055555555555555 
0 0.364453125 0.19722222222222224 0.02734375 0.03888888888888889