0 0.28828125 0.4458333333333333 0.03125 0.041666666666666664 
0 0.090625 0.5166666666666667 0.053125 0.075 
0 0.45859375 0.6451388888888888 0.0390625 0.07916666666666666 
0 0.504296875 0.80625 0.03359375 0.059722222222222225 
0 0.139453125 0.5131944444444444 0.02890625 0.043055555555555555 
0 0.278515625 0.4743055555555556 0.03515625 0.05138888888888889 
0 0.556640625 0.9423611111111112 0.05234375 0.10138888888888889 
0 0.116015625 0.6527777777777778 0.06015625 0.07777777777777778 
0 0.582421875 0.8868055555555556 0.03046875 0.09583333333333334 
0 0.1828125 0.58125 0.0234375 0.04583333333333333 
0 0.011328125 0.9298611111111111 0.02265625 0.05416666666666667