0 0.390234375 0.19444444444444445 0.03515625 0.05 
0 0.220703125 0.5611111111111111 0.05390625 0.07222222222222222 
0 0.4984375 0.9270833333333334 0.0515625 0.10138888888888889 
0 0.473828125 0.5923611111111111 0.05546875 0.09583333333333334 
0 0.437109375 0.5951388888888889 0.05390625 0.0875 
0 0.4296875 0.6812499999999999 0.0546875 0.09305555555555556 
0 0.29179687499999996 0.9631944444444445 0.03203125 0.07083333333333333 
0 0.26015625 0.6694444444444444 0.0328125 0.07222222222222222 
0 0.1875 0.3666666666666667 0.0375 0.058333333333333334 
0 0.509765625 0.6652777777777779 0.06328125 0.09444444444444444 
0 0.9503906249999999 0.9215277777777778 0.06328125 0.10416666666666667 
0 0.132421875 0.3923611111111111 0.03046875 0.043055555555555555 
0 0.349609375 0.13819444444444445 0.02734375 0.04583333333333333 
0 0.57578125 0.6354166666666667 0.0578125 0.04861111111111111