0 0.4421875 0.8930555555555555 0.05 0.09166666666666666 
0 0.79375 0.5541666666666666 0.0546875 0.08333333333333333 
0 0.920703125 0.4291666666666667 0.05234375 0.09166666666666666 
0 0.873046875 0.6381944444444445 0.06640625 0.10694444444444444 
0 0.69921875 0.5895833333333333 0.0515625 0.09861111111111111 
0 0.1734375 0.7423611111111111 0.065625 0.10972222222222222 
0 0.815234375 0.9791666666666667 0.07109375 0.03888888888888889 
0 0.2875 0.16041666666666668 0.046875 0.07361111111111111 
0 0.234375 0.1527777777777778 0.0421875 0.05555555555555555 
0 0.37578125 0.18680555555555556 0.03125 0.0625 
0 0.38125 0.013194444444444444 0.0203125 0.02638888888888889