0 0.5265625 0.1513888888888889 0.034375 0.044444444444444446 
0 0.5945312500000001 0.26875 0.034375 0.04027777777777778 
0 0.44296875 0.3097222222222222 0.034375 0.044444444444444446 
0 0.23515625 0.7986111111111112 0.040625 0.06388888888888888 
0 0.196484375 0.8229166666666666 0.03046875 0.05694444444444444 
0 0.43984375 0.5722222222222223 0.03125 0.04722222222222222 
0 0.46953125 0.3055555555555556 0.021875 0.027777777777777776 
0 0.5335937500000001 0.2847222222222222 0.0296875 0.03333333333333333 
0 0.359765625 0.0763888888888889 0.04140625 0.05277777777777778 
0 0.857421875 0.16944444444444443 0.02890625 0.05277777777777778 
0 0.594921875 0.37430555555555556 0.04296875 0.04861111111111111 
0 0.5910156249999999 0.30416666666666664 0.03203125 0.03888888888888889