0 0.976171875 0.617361111111111 0.04609375 0.07916666666666666 
0 0.303515625 0.625 0.01796875 0.03333333333333333 
0 0.50390625 0.23055555555555554 0.025 0.05277777777777778 
0 0.546484375 0.33611111111111114 0.03203125 0.05555555555555555 
0 0.59453125 0.41458333333333336 0.046875 0.0875 
0 0.23515625 0.33958333333333335 0.040625 0.04861111111111111 
0 0.611328125 0.3833333333333333 0.01953125 0.07222222222222222 
0 0.28203125 0.28888888888888886 0.01875 0.03333333333333333 
0 0.15 0.4756944444444445 0.0234375 0.05138888888888889 
0 0.17070312499999998 0.5277777777777778 0.02265625 0.04722222222222222 
0 0.510546875 0.6368055555555556 0.02890625 0.04583333333333333