0 0.496484375 0.5444444444444444 0.03515625 0.06944444444444445 
0 0.71484375 0.8138888888888889 0.046875 0.06944444444444445 
0 0.6785156250000001 0.6791666666666667 0.03828125 0.06944444444444445 
0 0.315625 0.2708333333333333 0.040625 0.06666666666666667 
0 0.541796875 0.29583333333333334 0.03515625 0.06111111111111111 
0 0.510546875 0.14027777777777778 0.03671875 0.05 
0 0.48984375 0.15625 0.03125 0.04583333333333333 
0 0.6703125 0.30833333333333335 0.04375 0.06944444444444445 
0 0.4140625 0.26458333333333334 0.0203125 0.034722222222222224 
0 0.277734375 0.14513888888888887 0.02578125 0.034722222222222224 
0 0.307421875 0.5298611111111111 0.02265625 0.043055555555555555 
0 0.54140625 0.15625 0.0359375 0.043055555555555555 
0 0.818359375 0.17777777777777778 0.04453125 0.058333333333333334 
0 0.2375 0.17083333333333334 0.03125 0.04722222222222222 
0 0.504296875 0.5875 0.02109375 0.058333333333333334