0 0.2859375 0.4513888888888889 0.03125 0.041666666666666664 
0 0.0859375 0.5180555555555556 0.053125 0.075 
0 0.4578125 0.6548611111111111 0.0390625 0.07916666666666666 
0 0.504296875 0.8229166666666666 0.03359375 0.059722222222222225 
0 0.135546875 0.51875 0.02890625 0.043055555555555555 
0 0.27578125 0.47847222222222224 0.0359375 0.05138888888888889 
0 0.556640625 0.9465277777777779 0.05234375 0.09583333333333334 
0 0.113671875 0.6597222222222222 0.05546875 0.08055555555555556 
0 0.581640625 0.9 0.03046875 0.1 
0 0.18046875 0.5868055555555556 0.0234375 0.04583333333333333 
0 0.008203125 0.9395833333333333 0.01640625 0.05416666666666667