0 0.39609374999999997 0.1701388888888889 0.0296875 0.05694444444444444 
0 0.45 0.94375 0.0375 0.0763888888888889 
0 0.265234375 0.46875 0.04453125 0.0763888888888889 
0 0.521875 0.617361111111111 0.04375 0.08472222222222223 
0 0.4890625 0.3861111111111111 0.0421875 0.058333333333333334 
0 0.457421875 0.3951388888888889 0.03203125 0.05694444444444444 
0 0.45742187500000003 0.44027777777777777 0.03046875 0.04722222222222222 
0 0.676171875 0.6527777777777778 0.05859375 0.07777777777777778 
0 0.359765625 0.6034722222222222 0.02734375 0.05138888888888889 
0 0.22890625 0.30763888888888885 0.03125 0.04583333333333333 
0 0.2125 0.9270833333333334 0.0375 0.059722222222222225 
0 0.5234375 0.42569444444444443 0.04375 0.06527777777777778 
0 0.862109375 0.5263888888888889 0.04453125 0.06388888888888888 
0 0.180859375 0.3409722222222222 0.03046875 0.043055555555555555 
0 0.366015625 0.12986111111111112 0.02890625 0.04861111111111111 
0 0.466015625 0.9791666666666667 0.02734375 0.03888888888888889