0 0.8835937500000001 0.3944444444444445 0.0609375 0.08055555555555556 
0 0.278515625 0.42291666666666666 0.01640625 0.03194444444444444 
0 0.47578125 0.0625 0.0234375 0.04722222222222222 
0 0.51015625 0.15138888888888888 0.03125 0.058333333333333334 
0 0.5515625 0.23125 0.046875 0.0875 
0 0.2140625 0.1486111111111111 0.0453125 0.05 
0 0.571484375 0.20347222222222222 0.01796875 0.06527777777777778 
0 0.26328125 0.10694444444444444 0.0171875 0.03888888888888889 
0 0.129296875 0.26805555555555555 0.02109375 0.05 
0 0.153515625 0.32708333333333334 0.01953125 0.0375 
0 0.4734375 0.4409722222222222 0.025 0.043055555555555555