0 0.31171875 0.7243055555555556 0.0203125 0.034722222222222224 
0 0.51171875 0.31875000000000003 0.0265625 0.05416666666666667 
0 0.558203125 0.425 0.03203125 0.05555555555555555 
0 0.253125 0.33125 0.0265625 0.043055555555555555 
0 0.606640625 0.5145833333333334 0.04921875 0.09305555555555556 
0 0.23906249999999998 0.4326388888888889 0.0421875 0.05416666666666667 
0 0.6234375 0.47638888888888886 0.0203125 0.07222222222222222 
0 0.28671875 0.37083333333333335 0.01875 0.03333333333333333 
0 0.15390625 0.5715277777777777 0.0234375 0.05138888888888889 
0 0.17460937499999998 0.6263888888888889 0.02265625 0.04722222222222222 
0 0.5242187500000001 0.7361111111111112 0.0265625 0.04722222222222222