0 0.32109374999999996 0.2472222222222222 0.028125 0.03611111111111111 
0 0.2515625 0.7965277777777778 0.01875 0.034722222222222224 
0 0.478515625 0.3854166666666667 0.03203125 0.06527777777777778 
0 0.524609375 0.5187499999999999 0.03359375 0.059722222222222225 
0 0.1859375 0.32152777777777775 0.0234375 0.034722222222222224 
0 0.31640625 0.2763888888888889 0.028125 0.05 
0 0.576171875 0.6187499999999999 0.04921875 0.09305555555555556 
0 0.17343750000000002 0.44305555555555554 0.040625 0.06388888888888888 
0 0.598828125 0.5743055555555555 0.03046875 0.08194444444444444 
0 0.228125 0.3875 0.0203125 0.03888888888888889 
0 0.070703125 0.6062500000000001 0.02578125 0.05416666666666667 
0 0.095703125 0.6680555555555556 0.02421875 0.044444444444444446 
0 0.4796875 0.8354166666666667 0.025 0.05138888888888889