0 0.39765625 0.24097222222222223 0.0296875 0.05694444444444444 
0 0.258203125 0.5652777777777778 0.04453125 0.07222222222222222 
0 0.518359375 0.7583333333333333 0.04453125 0.08888888888888889 
0 0.48671875000000003 0.5020833333333333 0.0421875 0.07083333333333333 
0 0.4546875 0.5131944444444445 0.0421875 0.07083333333333333 
0 0.4546875 0.575 0.040625 0.06111111111111111 
0 0.690625 0.8041666666666666 0.0578125 0.08888888888888889 
0 0.35312499999999997 0.7729166666666667 0.0296875 0.0625 
0 0.3 0.6215277777777778 0.0328125 0.04583333333333333 
0 0.22265625 0.4034722222222222 0.03125 0.04583333333333333 
0 0.5234375 0.5472222222222222 0.046875 0.06944444444444445 
0 0.8828125 0.6618055555555555 0.046875 0.06805555555555555 
0 0.173828125 0.43263888888888885 0.03046875 0.043055555555555555 
0 0.355859375 0.19444444444444442 0.02734375 0.03888888888888889