0 0.475 0.6520833333333333 0.0359375 0.07083333333333333 
0 0.7046875 0.9576388888888888 0.0515625 0.08194444444444444 
0 0.6632812499999999 0.8034722222222223 0.040625 0.07361111111111111 
0 0.292578125 0.28680555555555554 0.04453125 0.0763888888888889 
0 0.53515625 0.3680555555555555 0.040625 0.06944444444444445 
0 0.50390625 0.1847222222222222 0.0375 0.05 
0 0.47890625 0.19375 0.03125 0.04583333333333333 
0 0.4796875 0.23402777777777778 0.028125 0.03194444444444444 
0 0.675 0.40347222222222223 0.05 0.07083333333333333 
0 0.39140625 0.34930555555555554 0.021875 0.04027777777777778 
0 0.2578125 0.14305555555555555 0.03125 0.041666666666666664 
0 0.26601562500000003 0.6270833333333333 0.03046875 0.059722222222222225 
0 0.537109375 0.2125 0.03828125 0.05277777777777778 
0 0.842578125 0.2861111111111111 0.04453125 0.058333333333333334 
0 0.214453125 0.16319444444444445 0.03046875 0.043055555555555555 
0 0.483984375 0.70625 0.02734375 0.0625