0 0.5328124999999999 0.12222222222222222 0.0328125 0.03888888888888889 
0 0.596875 0.23680555555555557 0.034375 0.04027777777777778 
0 0.44921875 0.28055555555555556 0.034375 0.044444444444444446 
0 0.24609375 0.7618055555555555 0.0390625 0.0625 
0 0.20859375 0.7847222222222222 0.0296875 0.05555555555555555 
0 0.4484375 0.5361111111111111 0.03125 0.04722222222222222 
0 0.47578125 0.2777777777777778 0.021875 0.027777777777777776 
0 0.5402343749999999 0.25416666666666665 0.02890625 0.041666666666666664 
0 0.8644531249999999 0.13749999999999998 0.02890625 0.05277777777777778 
0 0.600390625 0.3402777777777778 0.04296875 0.04722222222222222 
0 0.598046875 0.27499999999999997 0.03203125 0.03888888888888889