0 0.43281250000000004 0.5006944444444444 0.0421875 0.0625 
0 0.43359375 0.6666666666666666 0.0421875 0.06388888888888888 
0 0.5015625 0.6777777777777778 0.05 0.06666666666666667 
0 0.458203125 0.7194444444444444 0.03984375 0.07222222222222222 
0 0.6945312499999999 0.2881944444444445 0.0359375 0.059722222222222225 
0 0.784375 0.2111111111111111 0.0375 0.05277777777777778 
0 0.7476562499999999 0.33541666666666664 0.0484375 0.06805555555555555 
0 0.322265625 0.6777777777777778 0.04140625 0.06388888888888888 
0 0.35078125 0.6854166666666667 0.028125 0.0375 
0 0.6292968750000001 0.3236111111111111 0.04140625 0.06666666666666667 
0 0.241796875 0.3673611111111111 0.04765625 0.06527777777777778 
0 0.818359375 0.6659722222222222 0.04453125 0.07361111111111111 
0 0.709375 0.6263888888888889 0.0484375 0.06111111111111111 
0 0.48710937499999996 0.8743055555555556 0.05546875 0.08472222222222223 
0 0.49765624999999997 0.7541666666666667 0.0453125 0.058333333333333334