0 0.39453125 0.26180555555555557 0.0296875 0.05694444444444444 
0 0.264453125 0.575 0.04453125 0.07222222222222222 
0 0.5246093749999999 0.75 0.04453125 0.08888888888888889 
0 0.4921875 0.5034722222222222 0.0421875 0.06527777777777778 
0 0.461328125 0.513888888888889 0.03984375 0.06666666666666667 
0 0.46015625 0.5750000000000001 0.0375 0.05555555555555555 
0 0.69375 0.7999999999999999 0.0515625 0.07222222222222222 
0 0.35703124999999997 0.7604166666666666 0.0296875 0.0625 
0 0.3078125 0.6340277777777779 0.0328125 0.04027777777777778 
0 0.22890625 0.4131944444444444 0.03125 0.04583333333333333 
0 0.5296875000000001 0.5458333333333333 0.0453125 0.06666666666666667 
0 0.88671875 0.65 0.0484375 0.07222222222222222 
0 0.180859375 0.4493055555555555 0.03046875 0.043055555555555555 
0 0.360546875 0.21250000000000002 0.02734375 0.03888888888888889