0 0.4234375 0.4118055555555556 0.040625 0.04861111111111111 
0 0.425390625 0.5666666666666667 0.03515625 0.05 
0 0.490234375 0.5666666666666667 0.04140625 0.05277777777777778 
0 0.669921875 0.21180555555555555 0.03515625 0.05694444444444444 
0 0.745703125 0.14097222222222222 0.03515625 0.04861111111111111 
0 0.715234375 0.2569444444444445 0.04609375 0.05277777777777778 
0 0.32460937500000003 0.58125 0.03671875 0.05416666666666667 
0 0.294921875 0.9444444444444444 0.03515625 0.058333333333333334 
0 0.3546875 0.5833333333333333 0.025 0.030555555555555555 
0 0.6066406249999999 0.2548611111111111 0.03984375 0.0625 
0 0.24492187499999998 0.29097222222222224 0.04140625 0.05138888888888889 
0 0.776171875 0.5208333333333333 0.03984375 0.058333333333333334 
0 0.449609375 0.6041666666666667 0.03359375 0.044444444444444446 
0 0.68203125 0.5201388888888889 0.040625 0.05416666666666667 
0 0.484375 0.7111111111111111 0.04375 0.05555555555555555 
0 0.4859375 0.6222222222222222 0.0390625 0.05555555555555555