0 0.390625 0.8902777777777778 0.0234375 0.05277777777777778 
0 0.50625 0.23472222222222222 0.0296875 0.05277777777777778 
0 0.703125 0.47152777777777777 0.0453125 0.06805555555555555 
0 0.671484375 0.3736111111111111 0.03828125 0.06111111111111111 
0 0.5972656249999999 0.6743055555555555 0.04453125 0.0763888888888889 
0 0.5089843749999999 0.6868055555555556 0.04453125 0.0763888888888889 
0 0.333984375 0.06666666666666667 0.03359375 0.05555555555555555 
0 0.5484375 0.03680555555555556 0.0296875 0.05416666666666667 
0 0.66171875 0.034722222222222224 0.04375 0.06944444444444445 
0 0.5457031250000001 0.7548611111111111 0.03359375 0.0625 
0 0.52109375 0.7833333333333333 0.04375 0.08055555555555556 
0 0.341796875 0.2236111111111111 0.02109375 0.03611111111111111 
0 0.5148437499999999 0.2791666666666667 0.0203125 0.05555555555555555 
0 0.17890625000000002 0.8701388888888889 0.0328125 0.05138888888888889 
0 0.853125 0.6444444444444445 0.0390625 0.05277777777777778 
0 0.8679687500000001 0.6208333333333333 0.0375 0.044444444444444446